6475
6172
7532
6623
8424
6642
6183
6379
6444
7966
6960
5904
6891
8132
6326
6854
6239
6829
6343
6272
7266
6148
6248
7569
11399
7011
6065
6333
12334
6197
10627
15893
7762
6727
6790
15335
6040
6628
6193
6759
7329
6296
7210
6960
6081
7428
8657
6208
6063
6338
6315
12862
6559
5845
6251
5895
6958
6280
6413
6338
7419
11095
9627
6052
6430
6966
6202
8301
6553
10465
6381
7021
6170
6357
6803
8386
6540
6847
6898
6266
6577
7068
6695
7797
6474
6307
6681
6887
6501
6624
7799
6649
7177
6027
6160
6461
6515
6684
6276
6505
6439
6545
6539
6285
8331
6206
6157
6365
6341
6917
6842
6479
6161
6767
6981
6675
6727
6186
7178
7470
11036
6268
5162
6266
6308
8053
6619
6376
6014
5965
6305
6400
7061
6379
6566
9384
7227
6290
6368
6848
6549
6374
7741
7485
6703
8664
7163
6733
8207
6903
8178
6255
6414
6623
6206
7279
6120
6335
7024
5937
12201
6303
6427
6279
7499
7134
7427
7969
6691
6795
10594
7580
7174
11516
7276
6353
6681
6260
7147
6276
6494
6510
6317
6532
6325
9007
7019
7673
6840
7147
6547
6213
6196
7323
6322
6273
7068
6426
7252
6281
