"tick";"NNCardinality";"NSCardinality";"AvgCompNonRegulatedNorms"
0.0;0;0;0.0
1.0;0;0;0.0
2.0;0;0;0.0
3.0;0;0;0.0
4.0;0;0;0.0
5.0;0;0;0.0
6.0;0;0;0.0
7.0;0;0;0.0
8.0;0;0;0.0
9.0;0;0;0.0
10.0;0;0;0.0
11.0;0;0;0.0
12.0;0;0;0.0
13.0;0;0;0.0
14.0;0;0;0.0
15.0;0;0;0.0
16.0;0;0;0.0
17.0;0;0;0.0
18.0;0;0;0.0
19.0;0;0;0.0
20.0;0;0;0.0
21.0;0;0;0.0
22.0;0;0;0.0
23.0;0;0;0.0
24.0;0;0;0.0
25.0;0;0;0.0
26.0;0;0;0.0
27.0;0;0;0.0
28.0;0;0;0.0
29.0;0;0;0.0
30.0;0;0;0.0
31.0;0;0;0.0
32.0;0;0;0.0
33.0;0;0;0.0
34.0;0;0;0.0
35.0;0;0;0.0
36.0;0;0;0.0
37.0;0;0;0.0
38.0;0;0;0.0
39.0;0;0;0.0
40.0;0;0;0.0
41.0;0;0;0.0
42.0;0;0;0.0
43.0;0;0;0.0
44.0;0;0;0.0
45.0;0;0;0.0
46.0;0;0;0.0
47.0;0;0;0.0
48.0;0;0;0.0
49.0;0;0;0.0
50.0;0;0;0.0
51.0;0;0;0.0
52.0;0;0;0.0
53.0;0;0;0.0
54.0;0;0;0.0
55.0;0;0;0.0
56.0;0;0;0.0
57.0;0;0;0.0
58.0;0;0;0.0
59.0;0;0;0.0
60.0;0;0;0.0
61.0;0;0;0.0
62.0;0;0;0.0
63.0;0;0;0.0
64.0;0;0;0.0
65.0;0;0;0.0
66.0;0;0;0.0
67.0;0;0;0.0
68.0;0;0;0.0
69.0;0;0;0.0
70.0;0;0;0.0
71.0;0;0;0.0
72.0;0;0;0.0
73.0;0;0;0.0
74.0;0;0;0.0
75.0;0;0;0.0
76.0;0;0;0.0
77.0;0;0;0.0
78.0;0;0;0.0
79.0;0;0;0.0
80.0;0;0;0.0
81.0;0;0;0.0
82.0;0;0;0.0
83.0;0;0;0.0
84.0;0;0;0.0
85.0;0;0;0.0
86.0;0;0;0.0
87.0;0;0;0.0
88.0;0;0;0.0
89.0;0;0;0.0
90.0;0;0;0.0
91.0;0;0;0.0
92.0;0;0;0.0
93.0;0;0;0.0
94.0;0;0;0.0
95.0;0;0;0.0
96.0;0;0;0.0
97.0;0;0;0.0
98.0;0;0;0.0
99.0;0;0;0.0
100.0;0;0;0.0
101.0;0;0;0.0
102.0;0;0;0.0
103.0;0;0;0.0
104.0;0;0;0.0
105.0;0;0;0.0
106.0;0;0;0.0
107.0;0;0;0.0
108.0;0;0;0.0
109.0;0;0;0.0
110.0;0;0;0.0
111.0;0;0;0.0
112.0;0;0;0.0
113.0;0;0;0.0
114.0;0;0;0.0
115.0;0;0;0.0
116.0;0;0;0.0
117.0;0;0;0.0
118.0;0;0;0.0
119.0;0;0;0.0
120.0;0;0;0.0
121.0;0;0;0.0
122.0;0;0;0.0
123.0;0;0;0.0
124.0;0;0;0.0
125.0;0;0;0.0
126.0;0;0;0.0
127.0;0;0;0.0
128.0;0;0;0.0
129.0;0;0;0.0
130.0;0;0;0.0
131.0;0;0;0.0
132.0;0;0;0.0
133.0;0;0;0.0
134.0;0;0;0.0
135.0;0;0;0.0
136.0;0;0;0.0
137.0;0;0;0.0
138.0;0;0;0.0
139.0;0;0;0.0
140.0;0;0;0.0
141.0;0;0;0.0
142.0;0;0;0.0
143.0;0;0;0.0
144.0;0;0;0.0
145.0;0;0;0.0
146.0;0;0;0.0
147.0;0;0;0.0
148.0;0;0;0.0
149.0;0;0;0.0
150.0;0;0;0.0
151.0;0;0;0.0
152.0;0;0;0.0
153.0;0;0;0.0
154.0;0;0;0.0
155.0;0;0;0.0
156.0;0;0;0.0
157.0;0;0;0.0
158.0;0;0;0.0
159.0;0;0;0.0
160.0;0;0;0.0
161.0;0;0;0.0
162.0;0;0;0.0
163.0;0;0;0.0
164.0;0;0;0.0
165.0;0;0;0.0
166.0;0;0;0.0
167.0;0;0;0.0
168.0;0;0;0.0
169.0;0;0;0.0
170.0;0;0;0.0
171.0;0;0;0.0
172.0;0;0;0.0
173.0;0;0;0.0
174.0;0;0;0.0
175.0;0;0;0.0
176.0;0;0;0.0
177.0;0;0;0.0
178.0;0;0;0.0
179.0;0;0;0.0
180.0;0;0;0.0
181.0;0;0;0.0
182.0;0;0;0.0
183.0;0;0;0.0
184.0;0;0;0.0
185.0;0;0;0.0
186.0;0;0;0.0
187.0;0;0;0.0
188.0;0;0;0.0
189.0;0;0;0.0
190.0;0;0;0.0
191.0;0;0;0.0
192.0;0;0;0.0
193.0;0;0;0.0
194.0;0;0;0.0
195.0;0;0;0.0
196.0;0;0;0.0
197.0;0;0;0.0
198.0;0;0;0.0
199.0;0;0;0.0
200.0;0;0;0.0
201.0;0;0;0.0
202.0;0;0;0.0
203.0;0;0;0.0
204.0;0;0;0.0
205.0;0;0;0.0
206.0;0;0;0.0
207.0;0;0;0.0
208.0;0;0;0.0
209.0;0;0;0.0
210.0;0;0;0.0
211.0;0;0;0.0
212.0;0;0;0.0
213.0;0;0;0.0
214.0;0;0;0.0
215.0;0;0;0.0
216.0;0;0;0.0
217.0;0;0;0.0
218.0;0;0;0.0
219.0;0;0;0.0
220.0;0;0;0.0
221.0;0;0;0.0
222.0;0;0;0.0
223.0;0;0;0.0
224.0;0;0;0.0
225.0;0;0;0.0
226.0;0;0;0.0
227.0;0;0;0.0
228.0;0;0;0.0
229.0;0;0;0.0
230.0;0;0;0.0
231.0;0;0;0.0
232.0;0;0;0.0
233.0;0;0;0.0
234.0;0;0;0.0
235.0;0;0;0.0
236.0;0;0;0.0
237.0;0;0;0.0
238.0;0;0;0.0
239.0;0;0;0.0
240.0;0;0;0.0
241.0;0;0;0.0
242.0;0;0;0.0
243.0;0;0;0.0
244.0;0;0;0.0
245.0;0;0;0.0
246.0;0;0;0.0
247.0;0;0;0.0
248.0;0;0;0.0
249.0;0;0;0.0
250.0;0;0;0.0
251.0;0;0;0.0
252.0;0;0;0.0
253.0;0;0;0.0
254.0;0;0;0.0
255.0;0;0;0.0
256.0;0;0;0.0
257.0;0;0;0.0
258.0;0;0;0.0
259.0;0;0;0.0
260.0;0;0;0.0
261.0;0;0;0.0
262.0;0;0;0.0
263.0;0;0;0.0
264.0;0;0;0.0
265.0;0;0;0.0
266.0;0;0;0.0
267.0;0;0;0.0
268.0;0;0;0.0
269.0;0;0;0.0
270.0;0;0;0.0
271.0;0;0;0.0
272.0;0;0;0.0
273.0;0;0;0.0
274.0;0;0;0.0
275.0;0;0;0.0
276.0;0;0;0.0
277.0;0;0;0.0
278.0;0;0;0.0
279.0;0;0;0.0
280.0;0;0;0.0
281.0;0;0;0.0
282.0;0;0;0.0
283.0;0;0;0.0
284.0;0;0;0.0
285.0;0;0;0.0
286.0;0;0;0.0
287.0;0;0;0.0
288.0;0;0;0.0
289.0;0;0;0.0
290.0;0;0;0.0
291.0;0;0;0.0
292.0;0;0;0.0
293.0;0;0;0.0
294.0;0;0;0.0
295.0;0;0;0.0
296.0;0;0;0.0
297.0;0;0;0.0
298.0;0;0;0.0
299.0;0;0;0.0
300.0;0;0;0.0
301.0;0;0;0.0
302.0;0;0;0.0
303.0;0;0;0.0
304.0;0;0;0.0
305.0;0;0;0.0
306.0;0;0;0.0
307.0;0;0;0.0
308.0;0;0;0.0
309.0;0;0;0.0
310.0;0;0;0.0
311.0;0;0;0.0
312.0;0;0;0.0
313.0;0;0;0.0
314.0;0;0;0.0
315.0;0;0;0.0
316.0;0;0;0.0
317.0;0;0;0.0
318.0;0;0;0.0
319.0;0;0;0.0
320.0;0;0;0.0
321.0;0;0;0.0
322.0;0;0;0.0
323.0;0;0;0.0
324.0;0;0;0.0
325.0;0;0;0.0
326.0;0;0;0.0
327.0;0;0;0.0
328.0;0;0;0.0
329.0;0;0;0.0
330.0;0;0;0.0
331.0;0;0;0.0
332.0;0;0;0.0
333.0;0;0;0.0
334.0;0;0;0.0
335.0;0;0;0.0
336.0;0;0;0.0
337.0;0;0;0.0
338.0;0;0;0.0
339.0;0;0;0.0
340.0;0;0;0.0
341.0;0;0;0.0
342.0;0;0;0.0
343.0;0;0;0.0
344.0;0;0;0.0
345.0;0;0;0.0
346.0;0;0;0.0
347.0;0;0;0.0
348.0;0;0;0.0
349.0;0;0;0.0
350.0;0;0;0.0
351.0;0;0;0.0
352.0;0;0;0.0
353.0;0;0;0.0
354.0;0;0;0.0
355.0;0;0;0.0
356.0;0;0;0.0
357.0;0;0;0.0
358.0;0;0;0.0
359.0;0;0;0.0
360.0;0;0;0.0
361.0;0;0;0.0
362.0;0;0;0.0
363.0;0;0;0.0
364.0;0;0;0.0
365.0;0;0;0.0
366.0;0;0;0.0
367.0;0;0;0.0
368.0;0;0;0.0
369.0;0;0;0.0
370.0;0;0;0.0
371.0;0;0;0.0
372.0;0;0;0.0
373.0;0;0;0.0
374.0;0;0;0.0
375.0;0;0;0.0
376.0;0;0;0.0
377.0;0;0;0.0
378.0;0;0;0.0
379.0;0;0;0.0
380.0;0;0;0.0
381.0;0;0;0.0
382.0;0;0;0.0
383.0;0;0;0.0
384.0;0;0;0.0
385.0;0;0;0.0
386.0;0;0;0.0
387.0;0;0;0.0
388.0;0;0;0.0
389.0;0;0;0.0
390.0;0;0;0.0
391.0;0;0;0.0
392.0;0;0;0.0
393.0;0;0;0.0
394.0;0;0;0.0
395.0;0;0;0.0
396.0;0;0;0.0
397.0;0;0;0.0
398.0;0;0;0.0
399.0;0;0;0.0
400.0;0;0;0.0
401.0;0;0;0.0
402.0;0;0;0.0
403.0;0;0;0.0
404.0;0;0;0.0
405.0;0;0;0.0
406.0;0;0;0.0
407.0;0;0;0.0
408.0;0;0;0.0
409.0;0;0;0.0
410.0;0;0;0.0
411.0;0;0;0.0
412.0;0;0;0.0
413.0;0;0;0.0
414.0;0;0;0.0
415.0;0;0;0.0
416.0;0;0;0.0
417.0;0;0;0.0
418.0;0;0;0.0
419.0;0;0;0.0
420.0;0;0;0.0
421.0;0;0;0.0
422.0;0;0;0.0
423.0;0;0;0.0
424.0;0;0;0.0
425.0;0;0;0.0
426.0;0;0;0.0
427.0;0;0;0.0
428.0;0;0;0.0
429.0;0;0;0.0
430.0;0;0;0.0
431.0;0;0;0.0
432.0;0;0;0.0
433.0;0;0;0.0
434.0;0;0;0.0
435.0;0;0;0.0
436.0;0;0;0.0
437.0;0;0;0.0
438.0;0;0;0.0
439.0;0;0;0.0
440.0;0;0;0.0
441.0;0;0;0.0
442.0;0;0;0.0
443.0;0;0;0.0
444.0;0;0;0.0
445.0;0;0;0.0
446.0;0;0;0.0
447.0;0;0;0.0
448.0;0;0;0.0
449.0;0;0;0.0
450.0;0;0;0.0
451.0;0;0;0.0
452.0;0;0;0.0
453.0;0;0;0.0
454.0;0;0;0.0
455.0;0;0;0.0
456.0;0;0;0.0
457.0;0;0;0.0
458.0;0;0;0.0
459.0;0;0;0.0
460.0;0;0;0.0
461.0;0;0;0.0
462.0;0;0;0.0
463.0;0;0;0.0
464.0;0;0;0.0
465.0;0;0;0.0
466.0;0;0;0.0
467.0;0;0;0.0
468.0;0;0;0.0
469.0;0;0;0.0
470.0;0;0;0.0
471.0;0;0;0.0
472.0;0;0;0.0
473.0;0;0;0.0
474.0;0;0;0.0
475.0;0;0;0.0
476.0;0;0;0.0
477.0;0;0;0.0
478.0;0;0;0.0
479.0;0;0;0.0
480.0;0;0;0.0
481.0;0;0;0.0
482.0;0;0;0.0
483.0;0;0;0.0
484.0;0;0;0.0
485.0;0;0;0.0
486.0;0;0;0.0
487.0;0;0;0.0
488.0;0;0;0.0
489.0;0;0;0.0
490.0;0;0;0.0
491.0;0;0;0.0
492.0;0;0;0.0
493.0;0;0;0.0
494.0;0;0;0.0
495.0;0;0;0.0
496.0;0;0;0.0
497.0;0;0;0.0
498.0;0;0;0.0
499.0;0;0;0.0
500.0;0;0;0.3
501.0;0;0;0.6
502.0;0;0;1.0
503.0;0;0;1.4
504.0;0;0;1.6
505.0;0;0;1.9
506.0;0;0;2.2
507.0;0;0;2.6
508.0;0;0;2.7
509.0;0;0;2.8
510.0;0;0;2.9
511.0;0;0;2.9
512.0;0;0;2.9
513.0;0;0;2.6
514.0;0;0;2.7
515.0;0;0;2.8
516.0;0;0;2.8
517.0;0;0;2.8
518.0;0;0;3.2
519.0;0;0;3.4
520.0;0;0;3.1
521.0;0;0;3.1
522.0;0;0;2.9
523.0;0;0;3.0
524.0;0;0;2.9
525.0;0;0;2.8
526.0;0;0;2.8
527.0;0;0;2.7
528.0;0;0;2.7
529.0;0;0;2.8
530.0;0;0;3.0
531.0;0;0;3.1
532.0;0;0;3.3
533.0;0;0;3.2
534.0;0;0;3.2
535.0;0;0;3.5
536.0;0;0;3.4
537.0;0;0;3.3
538.0;0;0;3.1
539.0;0;0;2.9
540.0;0;0;3.0
541.0;0;0;3.1
542.0;0;0;3.2
543.0;0;0;3.4
544.0;0;0;3.4
545.0;0;0;3.3
546.0;0;0;3.3
547.0;0;0;3.6
548.0;0;0;3.6
549.0;0;0;3.8
550.0;0;0;4.2
551.0;0;0;3.9
552.0;0;0;3.6
553.0;0;0;3.4
554.0;0;0;3.6
555.0;0;0;3.4
556.0;0;0;3.5
557.0;0;0;3.1
558.0;0;0;3.0
559.0;0;0;2.8
560.0;0;0;2.9
561.0;0;0;3.2
562.0;0;0;3.4
563.0;0;0;3.4
564.0;0;0;3.3
565.0;0;0;3.1
566.0;0;0;3.4
567.0;0;0;3.4
568.0;0;0;3.5
569.0;0;0;3.6
570.0;0;0;3.0
571.0;0;0;3.2
572.0;0;0;3.0
573.0;0;0;3.3
574.0;0;0;3.2
575.0;0;0;3.5
576.0;0;0;3.0
577.0;0;0;3.3
578.0;0;0;3.3
579.0;0;0;3.2
580.0;0;0;3.5
581.0;0;0;3.1
582.0;0;0;3.2
583.0;0;0;3.2
584.0;0;0;3.3
585.0;0;0;2.9
586.0;0;0;3.2
587.0;0;0;3.3
588.0;0;0;3.5
589.0;0;0;3.5
590.0;0;0;3.2
591.0;0;0;3.2
592.0;0;0;3.2
593.0;0;0;3.2
594.0;0;0;3.4
595.0;0;0;3.8
596.0;0;0;3.7
597.0;0;0;3.6
598.0;0;0;3.5
599.0;0;0;3.4
600.0;0;0;3.4
601.0;0;0;3.3
602.0;0;0;3.5
603.0;0;0;3.4
604.0;0;0;3.3
605.0;0;0;3.5
606.0;0;0;3.7
607.0;0;0;3.8
608.0;0;0;3.5
609.0;0;0;3.7
610.0;0;0;3.6
611.0;0;0;3.7
612.0;0;0;3.3
613.0;0;0;3.2
614.0;0;0;3.0
615.0;0;0;2.9
616.0;0;0;2.6
617.0;0;0;2.4
618.0;0;0;2.6
619.0;0;0;2.4
620.0;0;0;2.4
621.0;0;0;2.2
622.0;0;0;2.4
623.0;0;0;2.5
624.0;0;0;2.8
625.0;0;0;2.7
626.0;0;0;3.1
627.0;1;1;3.3
628.0;1;1;3.5
629.0;1;1;3.6
630.0;1;1;3.7
631.0;1;1;3.8
632.0;1;1;3.8
633.0;1;1;3.9
634.0;1;1;3.8
635.0;1;1;3.9
636.0;1;1;3.7
637.0;1;1;3.8
638.0;1;1;3.5
639.0;1;1;3.6
640.0;1;1;3.6
641.0;1;1;3.5
642.0;1;1;3.6
643.0;1;1;3.6
644.0;1;1;3.6
645.0;1;1;3.7
646.0;1;1;3.7
647.0;1;1;3.4
648.0;1;1;3.6
649.0;1;1;3.7
650.0;1;1;3.8
651.0;1;1;3.8
652.0;1;1;3.6
653.0;1;1;3.5
654.0;1;1;3.3
655.0;1;1;3.3
656.0;1;1;3.3
657.0;1;1;3.4
658.0;1;1;3.1
659.0;1;1;3.0
660.0;1;1;3.1
661.0;1;1;3.2
662.0;1;1;3.3
663.0;1;1;3.2
664.0;1;1;3.4
665.0;1;1;3.2
666.0;1;1;3.0
667.0;1;1;3.2
668.0;1;1;3.3
669.0;1;1;3.7
670.0;1;1;3.6
671.0;1;1;3.7
672.0;1;1;3.4
673.0;1;1;3.6
674.0;1;1;3.4
675.0;1;1;3.1
676.0;1;1;3.1
677.0;1;1;2.7
678.0;1;1;2.6
679.0;1;1;2.1
680.0;1;1;2.2
681.0;1;1;2.0
682.0;1;1;2.3
683.0;1;1;2.6
684.0;1;1;3.1
685.0;1;1;3.3
686.0;1;1;3.6
687.0;1;1;3.5
688.0;1;1;3.5
689.0;1;1;3.7
690.0;1;1;3.5
691.0;1;1;3.7
692.0;1;1;3.5
693.0;1;1;3.2
694.0;1;1;2.8
695.0;1;1;3.0
696.0;1;1;2.7
697.0;1;1;3.1
698.0;1;1;3.2
699.0;1;1;3.1
700.0;1;1;3.2
701.0;1;1;3.0
702.0;1;1;3.0
703.0;1;1;2.8
704.0;1;1;2.7
705.0;1;1;2.4
706.0;1;1;2.8
707.0;1;1;2.6
708.0;1;1;2.7
709.0;1;1;3.0
710.0;1;1;2.9
711.0;1;1;3.5
712.0;1;1;4.1
713.0;1;1;3.9
714.0;1;1;4.0
715.0;1;1;3.9
716.0;1;1;3.6
717.0;1;1;3.5
718.0;1;1;3.6
719.0;1;1;3.2
720.0;1;1;3.0
721.0;1;1;2.7
722.0;1;1;2.5
723.0;1;1;2.6
724.0;1;1;2.5
725.0;1;1;2.7
726.0;1;1;2.5
727.0;1;1;2.4
728.0;1;1;2.4
729.0;1;1;2.5
730.0;1;1;2.5
731.0;1;1;2.5
732.0;1;1;2.2
733.0;1;1;2.3
734.0;1;1;2.5
735.0;1;1;2.4
736.0;1;1;2.5
737.0;1;1;2.7
738.0;1;1;2.6
739.0;1;1;2.6
740.0;1;1;2.9
741.0;1;1;2.9
742.0;1;1;3.0
743.0;1;1;3.2
744.0;1;1;3.1
745.0;1;1;3.1
746.0;1;1;3.3
747.0;1;1;3.5
748.0;1;1;3.4
749.0;1;1;3.6
750.0;1;1;3.5
751.0;1;1;3.5
752.0;1;1;4.0
753.0;1;1;4.0
754.0;1;1;3.8
755.0;1;1;3.8
756.0;1;1;3.7
757.0;2;2;3.6
758.0;3;1;3.7
759.0;5;1;3.5
760.0;6;1;3.5
761.0;6;1;3.2
762.0;7;1;2.6
763.0;7;1;2.3
764.0;8;1;2.5
765.0;8;1;2.5
766.0;8;1;2.4
767.0;8;1;2.3
768.0;8;1;2.4
769.0;8;1;2.4
770.0;8;1;2.2
771.0;8;1;2.3
772.0;8;1;2.3
773.0;8;1;2.4
774.0;8;1;2.5
775.0;8;1;2.5
776.0;8;1;2.6
777.0;8;1;2.4
778.0;8;1;2.2
779.0;8;1;2.0
780.0;8;1;2.0
781.0;8;1;2.0
782.0;8;1;2.0
783.0;8;1;1.9
784.0;8;1;1.6
785.0;8;1;1.8
786.0;8;1;1.6
787.0;8;1;1.9
788.0;8;1;2.1
789.0;8;1;2.1
790.0;8;1;2.4
791.0;8;1;2.7
792.0;8;1;2.9
793.0;8;1;3.2
794.0;8;1;3.1
795.0;8;1;2.8
796.0;8;1;2.9
797.0;8;1;2.6
798.0;8;1;2.5
799.0;8;1;2.6
800.0;8;1;2.4
801.0;8;1;2.1
802.0;8;1;1.7
803.0;8;1;1.5
804.0;8;1;1.6
805.0;8;1;1.8
806.0;8;1;1.8
807.0;8;1;1.9
808.0;8;1;1.9
809.0;8;1;1.8
810.0;8;1;1.8
811.0;8;1;1.6
812.0;8;1;1.8
813.0;8;1;1.8
814.0;8;1;1.8
815.0;8;1;1.8
816.0;8;1;1.7
817.0;8;1;1.8
818.0;8;1;1.7
819.0;9;2;2.0
820.0;10;2;1.9
821.0;10;2;2.1
822.0;10;2;2.0
823.0;11;2;2.3
824.0;11;2;2.2
825.0;11;2;2.2
826.0;11;2;2.2
827.0;11;2;2.2
828.0;11;2;2.0
829.0;11;2;1.9
830.0;11;2;2.1
831.0;11;2;2.0
832.0;11;2;2.3
833.0;11;2;2.1
834.0;11;2;2.1
835.0;11;2;2.0
836.0;11;2;2.2
837.0;11;2;1.9
838.0;11;2;1.9
839.0;11;2;1.9
840.0;11;2;1.6
841.0;11;2;1.7
842.0;11;2;1.5
843.0;11;2;1.4
844.0;11;2;1.6
845.0;11;2;1.6
846.0;11;2;1.4
847.0;11;2;1.4
848.0;11;2;1.5
849.0;11;2;1.6
850.0;11;2;1.7
851.0;11;2;1.7
852.0;11;2;1.8
853.0;11;2;1.9
854.0;11;2;1.8
855.0;11;2;1.7
856.0;11;2;1.7
857.0;11;2;1.7
858.0;11;2;1.7
859.0;11;2;1.4
860.0;11;2;1.4
861.0;11;2;1.3
862.0;12;3;1.2
863.0;12;3;1.0
864.0;14;4;1.0
865.0;16;1;1.0
866.0;18;1;0.9
867.0;21;1;0.9
868.0;21;1;0.8
869.0;21;1;0.7
870.0;22;1;0.6
871.0;22;1;0.5
872.0;22;1;0.3
873.0;22;1;0.2
874.0;23;1;0.1
875.0;24;1;0.0
876.0;24;1;0.0
877.0;24;1;0.0
878.0;25;1;0.0
879.0;25;1;0.0
880.0;25;1;0.0
881.0;25;1;0.0
882.0;25;1;0.0
883.0;25;1;0.0
884.0;25;1;0.0
885.0;25;1;0.0
886.0;25;1;0.0
887.0;25;1;0.0
888.0;25;1;0.0
889.0;26;1;0.0
890.0;26;1;0.0
891.0;26;1;0.0
892.0;26;1;0.0
893.0;26;1;0.0
894.0;26;1;0.0
895.0;26;1;0.0
896.0;26;1;0.0
897.0;26;1;0.0
898.0;26;1;0.0
899.0;26;1;0.0
900.0;26;1;0.0
901.0;26;1;0.0
902.0;26;1;0.0
903.0;26;1;0.0
904.0;26;1;0.0
905.0;26;1;0.0
906.0;26;1;0.0
907.0;26;1;0.0
908.0;26;1;0.0
909.0;26;1;0.0
910.0;26;1;0.0
911.0;26;1;0.0
912.0;26;1;0.0
913.0;26;1;0.0
914.0;26;1;0.0
915.0;26;1;0.0
916.0;26;1;0.0
917.0;26;1;0.0
918.0;26;1;0.0
919.0;26;1;0.0
920.0;26;1;0.0
921.0;26;1;0.0
922.0;26;1;0.0
923.0;26;1;0.0
924.0;26;1;0.0
925.0;26;1;0.0
926.0;26;1;0.0
927.0;26;1;0.0
928.0;26;1;0.0
929.0;26;1;0.0
930.0;26;1;0.0
931.0;26;1;0.0
932.0;26;1;0.0
933.0;26;1;0.0
934.0;26;1;0.0
935.0;26;1;0.0
936.0;26;1;0.0
937.0;26;1;0.0
938.0;26;1;0.0
939.0;26;1;0.0
940.0;26;1;0.0
941.0;26;1;0.0
942.0;26;1;0.0
943.0;26;1;0.0
944.0;26;1;0.0
945.0;26;1;0.0
946.0;26;1;0.0
947.0;26;1;0.0
948.0;26;1;0.0
949.0;26;1;0.0
950.0;26;1;0.0
951.0;26;1;0.0
952.0;26;1;0.0
953.0;26;1;0.0
954.0;26;1;0.0
955.0;26;1;0.0
956.0;26;1;0.0
957.0;26;1;0.0
958.0;26;1;0.0
959.0;26;1;0.0
960.0;26;1;0.0
961.0;26;1;0.0
962.0;26;1;0.0
963.0;26;1;0.0
964.0;26;1;0.0
965.0;26;1;0.0
966.0;26;1;0.0
967.0;26;1;0.0
968.0;26;1;0.0
969.0;26;1;0.0
970.0;26;1;0.0
971.0;26;1;0.0
972.0;26;1;0.0
973.0;26;1;0.0
974.0;26;1;0.0
975.0;26;1;0.0
976.0;26;1;0.0
977.0;26;1;0.0
978.0;26;1;0.0
979.0;26;12;0.0
980.0;31;8;0.0
981.0;31;8;0.0
982.0;31;8;0.0
983.0;31;8;0.0
984.0;31;8;0.0
985.0;31;8;0.0
986.0;31;8;0.0
987.0;31;8;0.0
988.0;31;8;0.0
989.0;31;7;0.0
990.0;31;7;0.0
991.0;31;7;0.0
992.0;31;6;0.0
993.0;31;6;0.0
994.0;31;6;0.0
995.0;31;6;0.0
996.0;31;5;0.0
997.0;31;5;0.0
998.0;31;5;0.0
999.0;31;5;0.0
1000.0;31;5;0.0
1001.0;31;5;0.0
1002.0;31;5;0.0
1003.0;31;5;0.0
1004.0;31;5;0.0
1005.0;31;5;0.0
1006.0;31;5;0.0
1007.0;31;5;0.0
1008.0;31;5;0.0
1009.0;31;5;0.0
1010.0;31;5;0.0
1011.0;31;5;0.0
1012.0;31;5;0.0
1013.0;31;5;0.0
1014.0;31;8;0.0
1015.0;31;5;0.0
1016.0;31;5;0.0
1017.0;31;5;0.0
1018.0;31;5;0.0
1019.0;31;5;0.0
1020.0;31;5;0.0
1021.0;31;4;0.0
1022.0;31;4;0.0
1023.0;31;4;0.0
1024.0;31;4;0.0
1025.0;31;4;0.0
1026.0;31;4;0.0
1027.0;31;4;0.0
1028.0;31;4;0.0
1029.0;31;4;0.0
1030.0;31;4;0.0
1031.0;31;4;0.0
1032.0;31;4;0.0
1033.0;31;4;0.0
1034.0;31;4;0.0
1035.0;31;4;0.0
1036.0;31;4;0.0
1037.0;31;4;0.0
1038.0;31;4;0.0
1039.0;31;4;0.0
1040.0;31;4;0.0
1041.0;31;4;0.0
1042.0;31;4;0.0
1043.0;31;4;0.0
1044.0;31;4;0.0
1045.0;31;4;0.0
1046.0;31;4;0.0
1047.0;31;4;0.0
1048.0;31;4;0.0
1049.0;31;4;0.0
1050.0;31;4;0.0
1051.0;31;4;0.0
1052.0;31;4;0.0
1053.0;31;4;0.0
1054.0;31;4;0.0
1055.0;31;4;0.0
1056.0;31;4;0.0
1057.0;31;4;0.0
1058.0;31;4;0.0
1059.0;31;4;0.0
1060.0;31;4;0.0
1061.0;31;4;0.0
1062.0;31;4;0.0
1063.0;31;4;0.0
1064.0;31;4;0.0
1065.0;31;4;0.0
1066.0;31;4;0.0
1067.0;31;4;0.0
1068.0;31;4;0.0
1069.0;31;4;0.0
1070.0;31;4;0.0
1071.0;31;4;0.0
1072.0;31;4;0.0
1073.0;31;8;0.0
1074.0;31;8;0.0
1075.0;31;8;0.0
1076.0;31;8;0.0
1077.0;31;8;0.0
1078.0;31;8;0.0
1079.0;31;8;0.0
1080.0;31;8;0.0
1081.0;31;8;0.0
1082.0;31;8;0.0
1083.0;31;8;0.0
1084.0;31;8;0.0
1085.0;31;8;0.0
1086.0;31;8;0.0
1087.0;31;8;0.0
1088.0;31;8;0.0
1089.0;31;8;0.0
1090.0;31;8;0.0
1091.0;31;8;0.0
1092.0;31;8;0.0
1093.0;31;8;0.0
1094.0;31;8;0.0
1095.0;31;8;0.0
1096.0;31;8;0.0
1097.0;31;8;0.0
1098.0;31;8;0.0
1099.0;31;8;0.0
1100.0;31;8;0.0
1101.0;31;8;0.0
1102.0;31;8;0.0
1103.0;31;8;0.0
1104.0;31;8;0.0
1105.0;31;8;0.0
1106.0;31;8;0.0
1107.0;31;8;0.0
1108.0;31;8;0.0
1109.0;31;8;0.0
1110.0;31;8;0.0
1111.0;31;8;0.0
1112.0;31;8;0.0
1113.0;31;8;0.0
1114.0;31;8;0.0
1115.0;31;14;0.0
1116.0;31;8;0.0
1117.0;31;8;0.0
1118.0;31;8;0.0
1119.0;31;8;0.0
1120.0;31;8;0.0
1121.0;31;8;0.0
1122.0;31;7;0.0
1123.0;31;7;0.0
1124.0;31;7;0.0
1125.0;31;7;0.0
1126.0;31;6;0.0
1127.0;31;5;0.0
1128.0;31;5;0.0
1129.0;31;5;0.0
1130.0;31;5;0.0
1131.0;31;5;0.0
1132.0;31;5;0.0
1133.0;31;5;0.0
1134.0;31;5;0.0
1135.0;31;5;0.0
1136.0;31;5;0.0
1137.0;31;5;0.0
1138.0;31;5;0.0
1139.0;31;5;0.0
1140.0;31;5;0.0
1141.0;31;5;0.0
1142.0;31;5;0.0
1143.0;31;5;0.0
1144.0;31;5;0.0
1145.0;31;5;0.0
1146.0;31;4;0.0
1147.0;31;4;0.0
1148.0;31;4;0.0
1149.0;31;4;0.0
1150.0;31;4;0.0
1151.0;31;4;0.0
1152.0;31;4;0.0
1153.0;31;4;0.0
1154.0;31;4;0.0
1155.0;31;4;0.0
1156.0;31;4;0.0
1157.0;31;4;0.0
1158.0;31;4;0.0
1159.0;31;4;0.0
1160.0;31;4;0.0
1161.0;31;4;0.0
1162.0;31;4;0.0
1163.0;31;4;0.0
1164.0;31;4;0.0
1165.0;31;4;0.0
1166.0;31;4;0.0
1167.0;31;4;0.0
1168.0;31;4;0.0
1169.0;31;4;0.0
1170.0;31;4;0.0
1171.0;31;4;0.0
1172.0;31;4;0.0
1173.0;31;4;0.0
1174.0;31;4;0.0
1175.0;31;4;0.0
1176.0;31;4;0.0
1177.0;31;4;0.0
1178.0;31;4;0.0
1179.0;31;4;0.0
1180.0;31;4;0.0
1181.0;31;4;0.0
1182.0;31;4;0.0
1183.0;31;4;0.0
1184.0;31;4;0.0
1185.0;31;4;0.0
1186.0;31;4;0.0
1187.0;31;4;0.0
1188.0;31;4;0.0
1189.0;31;4;0.0
1190.0;31;4;0.0
1191.0;31;4;0.0
1192.0;31;4;0.0
1193.0;31;4;0.0
1194.0;31;4;0.0
1195.0;31;4;0.0
1196.0;31;4;0.0
1197.0;31;4;0.0
1198.0;31;4;0.0
1199.0;31;3;0.0
1200.0;31;3;0.0
1201.0;31;3;0.0
1202.0;31;3;0.0
1203.0;31;3;0.0
1204.0;31;3;0.0
1205.0;31;3;0.0
1206.0;31;3;0.0
1207.0;31;3;0.0
1208.0;31;3;0.0
1209.0;31;3;0.0
1210.0;31;3;0.0
1211.0;31;3;0.0
1212.0;31;3;0.0
1213.0;31;3;0.0
1214.0;31;3;0.0
1215.0;31;3;0.0
1216.0;31;3;0.0
1217.0;31;3;0.0
1218.0;31;3;0.0
1219.0;31;3;0.0
1220.0;31;3;0.0
1221.0;31;3;0.0
1222.0;31;3;0.0
1223.0;31;3;0.0
1224.0;31;3;0.0
1225.0;31;3;0.0
1226.0;31;3;0.0
1227.0;31;3;0.0
1228.0;31;3;0.0
1229.0;31;3;0.0
1230.0;31;3;0.0
1231.0;31;3;0.0
1232.0;31;3;0.0
1233.0;31;3;0.0
1234.0;31;3;0.0
1235.0;31;3;0.0
1236.0;31;3;0.0
1237.0;31;3;0.0
1238.0;31;3;0.0
1239.0;31;3;0.0
1240.0;31;3;0.0
1241.0;31;3;0.0
1242.0;31;9;0.0
1243.0;31;9;0.0
1244.0;31;9;0.0
1245.0;31;3;0.0
1246.0;31;3;0.0
1247.0;31;3;0.0
1248.0;31;3;0.0
1249.0;31;3;0.0
1250.0;31;3;0.0
1251.0;31;3;0.0
1252.0;31;3;0.0
1253.0;31;3;0.0
1254.0;31;3;0.0
1255.0;31;3;0.0
1256.0;31;3;0.0
1257.0;31;3;0.0
1258.0;31;3;0.0
1259.0;31;3;0.0
1260.0;31;3;0.0
1261.0;31;3;0.0
1262.0;31;3;0.0
1263.0;31;3;0.0
1264.0;31;3;0.0
1265.0;31;3;0.0
1266.0;31;3;0.0
1267.0;31;3;0.0
1268.0;31;3;0.0
1269.0;31;3;0.0
1270.0;31;3;0.0
1271.0;31;3;0.0
1272.0;31;3;0.0
1273.0;31;3;0.0
1274.0;31;3;0.0
1275.0;31;3;0.0
1276.0;31;3;0.0
1277.0;31;3;0.0
1278.0;31;3;0.0
1279.0;31;3;0.0
1280.0;31;3;0.0
1281.0;31;3;0.0
1282.0;31;3;0.0
1283.0;31;3;0.0
1284.0;31;3;0.0
1285.0;31;3;0.0
1286.0;31;3;0.0
1287.0;31;3;0.0
1288.0;31;3;0.0
1289.0;31;3;0.0
1290.0;31;3;0.0
1291.0;31;3;0.0
1292.0;31;3;0.0
1293.0;31;3;0.0
1294.0;31;3;0.0
1295.0;31;3;0.0
1296.0;31;3;0.0
1297.0;31;3;0.0
1298.0;31;8;0.0
1299.0;31;8;0.0
1300.0;31;8;0.0
1301.0;31;8;0.0
1302.0;31;7;0.0
1303.0;31;7;0.0
1304.0;31;7;0.0
1305.0;31;7;0.0
1306.0;31;7;0.0
1307.0;31;7;0.0
1308.0;31;7;0.0
1309.0;31;7;0.0
1310.0;31;7;0.0
1311.0;31;7;0.0
1312.0;31;7;0.0
1313.0;31;7;0.0
1314.0;31;7;0.0
1315.0;31;7;0.0
1316.0;31;7;0.0
1317.0;31;7;0.0
1318.0;31;7;0.0
1319.0;31;7;0.0
1320.0;31;7;0.0
1321.0;31;7;0.0
1322.0;31;7;0.0
1323.0;31;7;0.0
1324.0;31;7;0.0
1325.0;31;7;0.0
1326.0;31;7;0.0
1327.0;31;7;0.0
1328.0;31;7;0.0
1329.0;31;7;0.0
1330.0;31;7;0.0
1331.0;31;7;0.0
1332.0;31;6;0.0
1333.0;31;6;0.0
1334.0;31;6;0.0
1335.0;31;6;0.0
1336.0;31;6;0.0
1337.0;31;6;0.0
1338.0;31;6;0.0
1339.0;31;5;0.0
1340.0;31;5;0.0
1341.0;31;5;0.0
1342.0;31;5;0.0
1343.0;31;5;0.0
1344.0;31;5;0.0
1345.0;31;5;0.0
1346.0;31;4;0.0
1347.0;31;4;0.0
1348.0;31;4;0.0
1349.0;31;4;0.0
1350.0;31;4;0.0
1351.0;31;4;0.0
1352.0;31;4;0.0
1353.0;31;4;0.0
1354.0;31;4;0.0
1355.0;31;4;0.0
1356.0;31;4;0.0
1357.0;31;4;0.0
1358.0;31;4;0.0
1359.0;31;4;0.0
1360.0;31;5;0.0
1361.0;31;5;0.0
1362.0;31;5;0.0
1363.0;31;5;0.0
1364.0;31;5;0.0
1365.0;31;5;0.0
1366.0;31;5;0.0
1367.0;31;5;0.0
1368.0;31;5;0.0
1369.0;31;5;0.0
1370.0;31;5;0.0
1371.0;31;5;0.0
1372.0;31;5;0.0
1373.0;31;5;0.0
1374.0;31;5;0.0
1375.0;31;5;0.0
1376.0;31;5;0.0
1377.0;31;5;0.0
1378.0;31;5;0.0
1379.0;31;5;0.0
1380.0;31;5;0.0
1381.0;31;5;0.0
1382.0;31;5;0.0
1383.0;31;5;0.0
1384.0;31;5;0.0
1385.0;31;5;0.0
1386.0;31;5;0.0
1387.0;31;5;0.0
1388.0;31;5;0.0
1389.0;31;5;0.0
1390.0;31;5;0.0
1391.0;31;5;0.0
1392.0;31;5;0.0
1393.0;31;5;0.0
1394.0;31;5;0.0
1395.0;31;5;0.0
1396.0;31;5;0.0
1397.0;31;5;0.0
1398.0;31;5;0.0
1399.0;31;5;0.0
1400.0;31;5;0.0
1401.0;31;5;0.0
1402.0;31;5;0.0
1403.0;31;5;0.0
1404.0;31;5;0.0
1405.0;31;5;0.0
1406.0;31;5;0.0
1407.0;31;5;0.0
1408.0;31;5;0.0
1409.0;31;5;0.0
1410.0;31;5;0.0
1411.0;31;5;0.0
1412.0;31;5;0.0
1413.0;31;4;0.0
1414.0;31;4;0.0
1415.0;31;4;0.0
1416.0;31;4;0.0
1417.0;31;4;0.0
1418.0;31;5;0.0
1419.0;31;5;0.0
1420.0;31;5;0.0
1421.0;31;5;0.0
1422.0;31;5;0.0
1423.0;31;5;0.0
1424.0;31;5;0.0
1425.0;31;5;0.0
1426.0;31;5;0.0
1427.0;31;5;0.0
1428.0;31;5;0.0
1429.0;31;5;0.0
1430.0;31;5;0.0
1431.0;31;5;0.0
1432.0;31;5;0.0
1433.0;31;5;0.0
1434.0;31;5;0.0
1435.0;31;5;0.0
1436.0;31;5;0.0
1437.0;31;4;0.0
1438.0;31;3;0.0
1439.0;31;3;0.0
1440.0;31;3;0.0
1441.0;31;3;0.0
1442.0;31;3;0.0
1443.0;31;3;0.0
1444.0;31;3;0.0
1445.0;31;3;0.0
1446.0;31;3;0.0
1447.0;31;3;0.0
1448.0;31;3;0.0
1449.0;31;3;0.0
1450.0;31;3;0.0
1451.0;31;3;0.0
1452.0;31;3;0.0
1453.0;31;3;0.0
1454.0;31;3;0.0
1455.0;31;3;0.0
1456.0;31;3;0.0
1457.0;31;3;0.0
1458.0;31;3;0.0
1459.0;31;3;0.0
1460.0;31;3;0.0
1461.0;31;3;0.0
1462.0;31;3;0.0
1463.0;31;3;0.0
1464.0;31;3;0.0
1465.0;31;3;0.0
1466.0;31;3;0.0
1467.0;31;3;0.0
1468.0;31;3;0.0
1469.0;31;3;0.0
1470.0;31;3;0.0
1471.0;31;3;0.0
1472.0;31;3;0.0
1473.0;31;3;0.0
1474.0;31;3;0.0
1475.0;31;3;0.0
1476.0;31;3;0.0
1477.0;31;3;0.0
1478.0;31;3;0.0
1479.0;31;3;0.0
1480.0;31;3;0.0
1481.0;31;3;0.0
1482.0;31;3;0.0
1483.0;31;3;0.0
1484.0;31;3;0.0
1485.0;31;3;0.0
1486.0;31;3;0.0
1487.0;31;3;0.0
1488.0;31;3;0.0
1489.0;31;3;0.0
1490.0;31;3;0.0
1491.0;31;3;0.0
1492.0;31;3;0.0
1493.0;31;3;0.0
1494.0;31;3;0.0
1495.0;31;3;0.0
1496.0;31;3;0.0
1497.0;31;3;0.0
1498.0;31;3;0.0
1499.0;31;3;0.0
1500.0;31;3;0.0
1501.0;31;3;0.0
1502.0;31;3;0.0
1503.0;31;4;0.0
1504.0;31;4;0.0
1505.0;31;4;0.0
1506.0;31;4;0.0
1507.0;31;4;0.0
1508.0;31;4;0.0
1509.0;31;4;0.0
1510.0;31;4;0.0
1511.0;31;4;0.0
1512.0;31;4;0.0
1513.0;31;4;0.0
1514.0;31;4;0.0
1515.0;31;4;0.0
1516.0;31;4;0.0
1517.0;31;4;0.0
1518.0;31;4;0.0
1519.0;31;4;0.0
1520.0;31;4;0.0
1521.0;31;4;0.0
1522.0;31;4;0.0
1523.0;31;4;0.0
1524.0;31;4;0.0
1525.0;31;4;0.0
1526.0;31;4;0.0
1527.0;31;4;0.0
1528.0;31;4;0.0
1529.0;31;4;0.0
1530.0;31;4;0.0
1531.0;31;4;0.0
1532.0;31;4;0.0
1533.0;31;4;0.0
1534.0;31;4;0.0
1535.0;31;4;0.0
1536.0;31;4;0.0
1537.0;31;4;0.0
1538.0;31;4;0.0
1539.0;31;4;0.0
1540.0;31;4;0.0
1541.0;31;4;0.0
1542.0;31;4;0.0
1543.0;31;4;0.0
1544.0;31;4;0.0
1545.0;31;4;0.0
1546.0;31;4;0.0
1547.0;31;3;0.0
1548.0;31;3;0.0
1549.0;31;3;0.0
1550.0;31;3;0.0
1551.0;31;3;0.0
1552.0;31;3;0.0
1553.0;31;3;0.0
1554.0;31;3;0.0
1555.0;31;3;0.0
1556.0;31;3;0.0
1557.0;31;3;0.0
1558.0;31;3;0.0
1559.0;31;3;0.0
1560.0;31;3;0.0
1561.0;31;3;0.0
1562.0;31;3;0.0
1563.0;31;3;0.0
1564.0;31;3;0.0
1565.0;31;3;0.0
1566.0;31;3;0.0
1567.0;31;3;0.0
1568.0;31;3;0.0
1569.0;31;3;0.0
1570.0;31;3;0.0
1571.0;31;3;0.0
1572.0;31;3;0.0
1573.0;31;3;0.0
1574.0;31;3;0.0
1575.0;31;3;0.0
1576.0;31;3;0.0
1577.0;31;3;0.0
1578.0;31;3;0.0
1579.0;31;3;0.0
1580.0;31;3;0.0
1581.0;31;3;0.0
1582.0;31;3;0.0
1583.0;31;3;0.0
1584.0;31;3;0.0
1585.0;31;3;0.0
1586.0;31;3;0.0
1587.0;31;3;0.0
1588.0;31;3;0.0
1589.0;31;3;0.0
1590.0;31;3;0.0
1591.0;31;3;0.0
1592.0;31;3;0.0
1593.0;31;3;0.0
1594.0;31;3;0.0
1595.0;31;3;0.0
1596.0;31;3;0.0
1597.0;31;3;0.0
1598.0;31;3;0.0
1599.0;31;3;0.0
1600.0;31;3;0.0
1601.0;31;3;0.0
1602.0;31;3;0.0
1603.0;31;3;0.0
1604.0;31;3;0.0
1605.0;31;3;0.0
1606.0;31;3;0.0
1607.0;31;3;0.0
1608.0;31;3;0.0
1609.0;31;3;0.0
1610.0;31;3;0.0
1611.0;31;3;0.0
1612.0;31;3;0.0
1613.0;31;3;0.0
1614.0;31;3;0.0
1615.0;31;3;0.0
1616.0;31;3;0.0
1617.0;31;3;0.0
1618.0;31;3;0.0
1619.0;31;3;0.0
1620.0;31;3;0.0
1621.0;31;3;0.0
1622.0;31;3;0.0
1623.0;31;3;0.0
1624.0;31;3;0.0
1625.0;31;3;0.0
1626.0;31;3;0.0
1627.0;31;3;0.0
1628.0;31;3;0.0
1629.0;31;3;0.0
1630.0;31;3;0.0
1631.0;31;3;0.0
1632.0;31;3;0.0
1633.0;31;3;0.0
1634.0;31;3;0.0
1635.0;31;3;0.0
1636.0;31;3;0.0
1637.0;31;3;0.0
1638.0;31;3;0.0
1639.0;31;3;0.0
1640.0;31;3;0.0
1641.0;31;3;0.0
1642.0;31;3;0.0
1643.0;31;3;0.0
1644.0;31;3;0.0
1645.0;31;3;0.0
1646.0;31;3;0.0
1647.0;31;3;0.0
1648.0;31;3;0.0
1649.0;31;3;0.0
1650.0;31;3;0.0
1651.0;31;3;0.0
1652.0