"tick";"NNCardinality";"NSCardinality";"AvgCompNonRegulatedNorms"
0.0;0;0;0.0
1.0;0;0;0.0
2.0;0;0;0.0
3.0;0;0;0.0
4.0;0;0;0.0
5.0;0;0;0.0
6.0;0;0;0.0
7.0;0;0;0.0
8.0;0;0;0.0
9.0;0;0;0.0
10.0;0;0;0.0
11.0;0;0;0.0
12.0;0;0;0.0
13.0;0;0;0.0
14.0;0;0;0.0
15.0;0;0;0.0
16.0;0;0;0.0
17.0;0;0;0.0
18.0;0;0;0.0
19.0;0;0;0.0
20.0;0;0;0.0
21.0;0;0;0.0
22.0;0;0;0.0
23.0;0;0;0.0
24.0;0;0;0.0
25.0;0;0;0.0
26.0;0;0;0.0
27.0;0;0;0.0
28.0;0;0;0.0
29.0;0;0;0.0
30.0;0;0;0.0
31.0;0;0;0.0
32.0;0;0;0.0
33.0;0;0;0.0
34.0;0;0;0.0
35.0;0;0;0.0
36.0;0;0;0.0
37.0;0;0;0.0
38.0;0;0;0.0
39.0;0;0;0.0
40.0;0;0;0.0
41.0;0;0;0.0
42.0;0;0;0.0
43.0;0;0;0.0
44.0;0;0;0.0
45.0;0;0;0.0
46.0;0;0;0.0
47.0;0;0;0.0
48.0;0;0;0.0
49.0;0;0;0.0
50.0;0;0;0.0
51.0;0;0;0.0
52.0;0;0;0.0
53.0;0;0;0.0
54.0;0;0;0.0
55.0;0;0;0.0
56.0;0;0;0.0
57.0;0;0;0.0
58.0;0;0;0.0
59.0;0;0;0.0
60.0;0;0;0.0
61.0;0;0;0.0
62.0;0;0;0.0
63.0;0;0;0.0
64.0;0;0;0.0
65.0;0;0;0.0
66.0;0;0;0.0
67.0;0;0;0.0
68.0;0;0;0.0
69.0;0;0;0.0
70.0;0;0;0.0
71.0;0;0;0.0
72.0;0;0;0.0
73.0;0;0;0.0
74.0;0;0;0.0
75.0;0;0;0.0
76.0;0;0;0.0
77.0;0;0;0.0
78.0;0;0;0.0
79.0;0;0;0.0
80.0;0;0;0.0
81.0;0;0;0.0
82.0;0;0;0.0
83.0;0;0;0.0
84.0;0;0;0.0
85.0;0;0;0.0
86.0;0;0;0.0
87.0;0;0;0.0
88.0;0;0;0.0
89.0;0;0;0.0
90.0;0;0;0.0
91.0;0;0;0.0
92.0;0;0;0.0
93.0;0;0;0.0
94.0;0;0;0.0
95.0;0;0;0.0
96.0;0;0;0.0
97.0;0;0;0.0
98.0;0;0;0.0
99.0;0;0;0.0
100.0;0;0;0.0
101.0;0;0;0.0
102.0;0;0;0.0
103.0;0;0;0.0
104.0;0;0;0.0
105.0;0;0;0.0
106.0;0;0;0.0
107.0;0;0;0.0
108.0;0;0;0.0
109.0;0;0;0.0
110.0;0;0;0.0
111.0;0;0;0.0
112.0;0;0;0.0
113.0;0;0;0.0
114.0;0;0;0.0
115.0;0;0;0.0
116.0;0;0;0.0
117.0;0;0;0.0
118.0;0;0;0.0
119.0;0;0;0.0
120.0;0;0;0.0
121.0;0;0;0.0
122.0;0;0;0.0
123.0;0;0;0.0
124.0;0;0;0.0
125.0;0;0;0.0
126.0;0;0;0.0
127.0;0;0;0.0
128.0;0;0;0.0
129.0;0;0;0.0
130.0;0;0;0.0
131.0;0;0;0.0
132.0;0;0;0.0
133.0;0;0;0.0
134.0;0;0;0.0
135.0;0;0;0.0
136.0;0;0;0.0
137.0;0;0;0.0
138.0;0;0;0.0
139.0;0;0;0.0
140.0;0;0;0.0
141.0;0;0;0.0
142.0;0;0;0.0
143.0;0;0;0.0
144.0;0;0;0.0
145.0;0;0;0.0
146.0;0;0;0.0
147.0;0;0;0.0
148.0;0;0;0.0
149.0;0;0;0.0
150.0;0;0;0.0
151.0;0;0;0.0
152.0;0;0;0.0
153.0;0;0;0.0
154.0;0;0;0.0
155.0;0;0;0.0
156.0;0;0;0.0
157.0;0;0;0.0
158.0;0;0;0.0
159.0;0;0;0.0
160.0;0;0;0.0
161.0;0;0;0.0
162.0;0;0;0.0
163.0;0;0;0.0
164.0;0;0;0.0
165.0;0;0;0.0
166.0;0;0;0.0
167.0;0;0;0.0
168.0;0;0;0.0
169.0;0;0;0.0
170.0;0;0;0.0
171.0;0;0;0.0
172.0;0;0;0.0
173.0;0;0;0.0
174.0;0;0;0.0
175.0;0;0;0.0
176.0;0;0;0.0
177.0;0;0;0.0
178.0;0;0;0.0
179.0;0;0;0.0
180.0;0;0;0.0
181.0;0;0;0.0
182.0;0;0;0.0
183.0;0;0;0.0
184.0;0;0;0.0
185.0;0;0;0.0
186.0;0;0;0.0
187.0;0;0;0.0
188.0;0;0;0.0
189.0;0;0;0.0
190.0;0;0;0.0
191.0;0;0;0.0
192.0;0;0;0.0
193.0;0;0;0.0
194.0;0;0;0.0
195.0;0;0;0.0
196.0;0;0;0.0
197.0;0;0;0.0
198.0;0;0;0.0
199.0;0;0;0.0
200.0;0;0;0.0
201.0;0;0;0.0
202.0;0;0;0.0
203.0;0;0;0.0
204.0;0;0;0.0
205.0;0;0;0.0
206.0;0;0;0.0
207.0;0;0;0.0
208.0;0;0;0.0
209.0;0;0;0.0
210.0;0;0;0.0
211.0;0;0;0.0
212.0;0;0;0.0
213.0;0;0;0.0
214.0;0;0;0.0
215.0;0;0;0.0
216.0;0;0;0.0
217.0;0;0;0.0
218.0;0;0;0.0
219.0;0;0;0.0
220.0;0;0;0.0
221.0;0;0;0.0
222.0;0;0;0.0
223.0;0;0;0.0
224.0;0;0;0.0
225.0;0;0;0.0
226.0;0;0;0.0
227.0;0;0;0.0
228.0;0;0;0.0
229.0;0;0;0.0
230.0;0;0;0.0
231.0;0;0;0.0
232.0;0;0;0.0
233.0;0;0;0.0
234.0;0;0;0.0
235.0;0;0;0.0
236.0;0;0;0.0
237.0;0;0;0.0
238.0;0;0;0.0
239.0;0;0;0.0
240.0;0;0;0.0
241.0;0;0;0.0
242.0;0;0;0.0
243.0;0;0;0.0
244.0;0;0;0.0
245.0;0;0;0.0
246.0;0;0;0.0
247.0;0;0;0.0
248.0;0;0;0.0
249.0;0;0;0.0
250.0;0;0;0.0
251.0;0;0;0.0
252.0;0;0;0.0
253.0;0;0;0.0
254.0;0;0;0.0
255.0;0;0;0.0
256.0;0;0;0.0
257.0;0;0;0.0
258.0;0;0;0.0
259.0;0;0;0.0
260.0;0;0;0.0
261.0;0;0;0.0
262.0;0;0;0.0
263.0;0;0;0.0
264.0;0;0;0.0
265.0;0;0;0.0
266.0;0;0;0.0
267.0;0;0;0.0
268.0;0;0;0.0
269.0;0;0;0.0
270.0;0;0;0.0
271.0;0;0;0.0
272.0;0;0;0.0
273.0;0;0;0.0
274.0;0;0;0.0
275.0;0;0;0.0
276.0;0;0;0.0
277.0;0;0;0.0
278.0;0;0;0.0
279.0;0;0;0.0
280.0;0;0;0.0
281.0;0;0;0.0
282.0;0;0;0.0
283.0;0;0;0.0
284.0;0;0;0.0
285.0;0;0;0.0
286.0;0;0;0.0
287.0;0;0;0.0
288.0;0;0;0.0
289.0;0;0;0.0
290.0;0;0;0.0
291.0;0;0;0.0
292.0;0;0;0.0
293.0;0;0;0.0
294.0;0;0;0.0
295.0;0;0;0.0
296.0;0;0;0.0
297.0;0;0;0.0
298.0;0;0;0.0
299.0;0;0;0.0
300.0;0;0;0.0
301.0;0;0;0.0
302.0;0;0;0.0
303.0;0;0;0.0
304.0;0;0;0.0
305.0;0;0;0.0
306.0;0;0;0.0
307.0;0;0;0.0
308.0;0;0;0.0
309.0;0;0;0.0
310.0;0;0;0.0
311.0;0;0;0.0
312.0;0;0;0.0
313.0;0;0;0.0
314.0;0;0;0.0
315.0;0;0;0.0
316.0;0;0;0.0
317.0;0;0;0.0
318.0;0;0;0.0
319.0;0;0;0.0
320.0;0;0;0.0
321.0;0;0;0.0
322.0;0;0;0.0
323.0;0;0;0.0
324.0;0;0;0.0
325.0;0;0;0.0
326.0;0;0;0.0
327.0;0;0;0.0
328.0;0;0;0.0
329.0;0;0;0.0
330.0;0;0;0.0
331.0;0;0;0.0
332.0;0;0;0.0
333.0;0;0;0.0
334.0;0;0;0.0
335.0;0;0;0.0
336.0;0;0;0.0
337.0;0;0;0.0
338.0;0;0;0.0
339.0;0;0;0.0
340.0;0;0;0.0
341.0;0;0;0.0
342.0;0;0;0.0
343.0;0;0;0.0
344.0;0;0;0.0
345.0;0;0;0.0
346.0;0;0;0.0
347.0;0;0;0.0
348.0;0;0;0.0
349.0;0;0;0.0
350.0;0;0;0.0
351.0;0;0;0.0
352.0;0;0;0.0
353.0;0;0;0.0
354.0;0;0;0.0
355.0;0;0;0.0
356.0;0;0;0.0
357.0;0;0;0.0
358.0;0;0;0.0
359.0;0;0;0.0
360.0;0;0;0.0
361.0;0;0;0.0
362.0;0;0;0.0
363.0;0;0;0.0
364.0;0;0;0.0
365.0;0;0;0.0
366.0;0;0;0.0
367.0;0;0;0.0
368.0;0;0;0.0
369.0;0;0;0.0
370.0;0;0;0.0
371.0;0;0;0.0
372.0;0;0;0.0
373.0;0;0;0.0
374.0;0;0;0.0
375.0;0;0;0.0
376.0;0;0;0.0
377.0;0;0;0.0
378.0;0;0;0.0
379.0;0;0;0.0
380.0;0;0;0.0
381.0;0;0;0.0
382.0;0;0;0.0
383.0;0;0;0.0
384.0;0;0;0.0
385.0;0;0;0.0
386.0;0;0;0.0
387.0;0;0;0.0
388.0;0;0;0.0
389.0;0;0;0.0
390.0;0;0;0.0
391.0;0;0;0.0
392.0;0;0;0.0
393.0;0;0;0.0
394.0;0;0;0.0
395.0;0;0;0.0
396.0;0;0;0.0
397.0;0;0;0.0
398.0;0;0;0.0
399.0;0;0;0.0
400.0;0;0;0.0
401.0;0;0;0.0
402.0;0;0;0.0
403.0;0;0;0.0
404.0;0;0;0.0
405.0;0;0;0.0
406.0;0;0;0.0
407.0;0;0;0.0
408.0;0;0;0.0
409.0;0;0;0.0
410.0;0;0;0.0
411.0;0;0;0.0
412.0;0;0;0.0
413.0;0;0;0.0
414.0;0;0;0.0
415.0;0;0;0.0
416.0;0;0;0.0
417.0;0;0;0.0
418.0;0;0;0.0
419.0;0;0;0.0
420.0;0;0;0.0
421.0;0;0;0.0
422.0;0;0;0.0
423.0;0;0;0.0
424.0;0;0;0.0
425.0;0;0;0.0
426.0;0;0;0.0
427.0;0;0;0.0
428.0;0;0;0.0
429.0;0;0;0.0
430.0;0;0;0.0
431.0;0;0;0.0
432.0;0;0;0.0
433.0;0;0;0.0
434.0;0;0;0.0
435.0;0;0;0.0
436.0;0;0;0.0
437.0;0;0;0.0
438.0;0;0;0.0
439.0;0;0;0.0
440.0;0;0;0.0
441.0;0;0;0.0
442.0;0;0;0.0
443.0;0;0;0.0
444.0;0;0;0.0
445.0;0;0;0.0
446.0;0;0;0.0
447.0;0;0;0.0
448.0;0;0;0.0
449.0;0;0;0.0
450.0;0;0;0.0
451.0;0;0;0.0
452.0;0;0;0.0
453.0;0;0;0.0
454.0;0;0;0.0
455.0;0;0;0.0
456.0;0;0;0.0
457.0;0;0;0.0
458.0;0;0;0.0
459.0;0;0;0.0
460.0;0;0;0.0
461.0;0;0;0.0
462.0;0;0;0.0
463.0;0;0;0.0
464.0;0;0;0.0
465.0;0;0;0.0
466.0;0;0;0.0
467.0;0;0;0.0
468.0;0;0;0.0
469.0;0;0;0.0
470.0;0;0;0.0
471.0;0;0;0.0
472.0;0;0;0.0
473.0;0;0;0.0
474.0;0;0;0.0
475.0;0;0;0.0
476.0;0;0;0.0
477.0;0;0;0.0
478.0;0;0;0.0
479.0;0;0;0.0
480.0;0;0;0.0
481.0;0;0;0.0
482.0;0;0;0.0
483.0;0;0;0.0
484.0;0;0;0.0
485.0;0;0;0.0
486.0;0;0;0.0
487.0;0;0;0.0
488.0;0;0;0.0
489.0;0;0;0.0
490.0;0;0;0.0
491.0;0;0;0.0
492.0;0;0;0.0
493.0;0;0;0.0
494.0;0;0;0.0
495.0;0;0;0.0
496.0;0;0;0.0
497.0;0;0;0.0
498.0;0;0;0.0
499.0;0;0;0.0
500.0;0;0;0.1
501.0;0;0;0.7
502.0;0;0;1.0
503.0;0;0;1.5
504.0;0;0;2.0
505.0;0;0;2.3
506.0;0;0;2.9
507.0;0;0;3.4
508.0;0;0;3.7
509.0;0;0;4.1
510.0;0;0;4.4
511.0;0;0;4.1
512.0;0;0;4.2
513.0;0;0;4.2
514.0;0;0;4.2
515.0;0;0;4.3
516.0;0;0;3.9
517.0;0;0;3.6
518.0;0;0;3.6
519.0;0;0;3.8
520.0;0;0;3.6
521.0;0;0;3.7
522.0;0;0;3.3
523.0;0;0;3.1
524.0;0;0;3.0
525.0;0;0;3.0
526.0;0;0;3.3
527.0;0;0;3.4
528.0;0;0;3.2
529.0;0;0;2.8
530.0;0;0;2.9
531.0;0;0;2.9
532.0;0;0;3.1
533.0;0;0;2.9
534.0;0;0;2.6
535.0;0;0;2.4
536.0;0;0;2.1
537.0;0;0;2.2
538.0;0;0;2.5
539.0;0;0;2.5
540.0;0;0;2.6
541.0;0;0;2.5
542.0;0;0;2.4
543.0;0;0;2.5
544.0;0;0;2.6
545.0;0;0;2.5
546.0;0;0;2.8
547.0;0;0;2.7
548.0;0;0;2.5
549.0;0;0;2.5
550.0;0;0;2.3
551.0;0;0;2.3
552.0;0;0;2.4
553.0;0;0;2.7
554.0;0;0;3.1
555.0;0;0;3.4
556.0;0;0;3.1
557.0;0;0;3.4
558.0;0;0;3.5
559.0;0;0;3.8
560.0;0;0;3.8
561.0;0;0;3.9
562.0;0;0;4.3
563.0;0;0;4.2
564.0;0;0;4.0
565.0;0;0;3.8
566.0;0;0;4.1
567.0;0;0;3.8
568.0;0;0;3.8
569.0;0;0;3.5
570.0;0;0;3.4
571.0;0;0;3.6
572.0;0;0;3.1
573.0;0;0;2.8
574.0;0;0;2.8
575.0;0;0;2.9
576.0;0;0;2.9
577.0;0;0;2.8
578.0;0;0;3.0
579.0;0;0;3.1
580.0;0;0;3.3
581.0;0;0;2.9
582.0;0;0;3.3
583.0;0;0;3.8
584.0;0;0;3.6
585.0;0;0;3.6
586.0;0;0;3.5
587.0;0;0;3.5
588.0;0;0;3.4
589.0;0;0;3.3
590.0;0;0;3.5
591.0;0;0;3.5
592.0;0;0;3.2
593.0;0;0;3.3
594.0;0;0;3.6
595.0;0;0;3.7
596.0;0;0;3.3
597.0;0;0;3.5
598.0;0;0;3.4
599.0;0;0;3.4
600.0;0;0;3.2
601.0;0;0;3.4
602.0;0;0;3.3
603.0;0;0;2.6
604.0;0;0;2.4
605.0;0;0;2.3
606.0;0;0;2.6
607.0;0;0;2.2
608.0;0;0;2.1
609.0;0;0;2.3
610.0;0;0;2.2
611.0;0;0;2.3
612.0;0;0;2.6
613.0;0;0;2.9
614.0;0;0;2.7
615.0;0;0;2.9
616.0;0;0;2.9
617.0;0;0;3.1
618.0;0;0;3.5
619.0;0;0;3.4
620.0;0;0;3.8
621.0;0;0;3.6
622.0;0;0;3.4
623.0;0;0;3.2
624.0;0;0;3.4
625.0;0;0;3.4
626.0;0;0;3.7
627.0;0;0;3.5
628.0;0;0;3.4
629.0;0;0;3.7
630.0;0;0;3.4
631.0;0;0;3.3
632.0;0;0;3.3
633.0;0;0;3.5
634.0;0;0;3.5
635.0;0;0;3.3
636.0;0;0;2.9
637.0;0;0;3.2
638.0;0;0;3.2
639.0;0;0;3.4
640.0;0;0;3.5
641.0;0;0;3.5
642.0;0;0;3.5
643.0;0;0;3.5
644.0;0;0;3.7
645.0;0;0;3.7
646.0;0;0;4.0
647.0;0;0;4.1
648.0;0;0;3.8
649.0;0;0;3.8
650.0;0;0;3.8
651.0;0;0;4.1
652.0;0;0;4.0
653.0;0;0;3.9
654.0;0;0;3.7
655.0;0;0;3.5
656.0;0;0;3.3
657.0;0;0;3.0
658.0;0;0;3.3
659.0;0;0;2.8
660.0;0;0;2.6
661.0;0;0;2.6
662.0;0;0;2.6
663.0;0;0;2.8
664.0;0;0;3.0
665.0;0;0;3.2
666.0;0;0;3.2
667.0;0;0;3.6
668.0;0;0;3.6
669.0;0;0;3.9
670.0;0;0;4.0
671.0;0;0;3.7
672.0;0;0;3.7
673.0;0;0;3.7
674.0;0;0;3.4
675.0;0;0;3.2
676.0;0;0;3.1
677.0;0;0;2.9
678.0;0;0;2.8
679.0;0;0;2.6
680.0;0;0;2.5
681.0;0;0;2.6
682.0;0;0;3.2
683.0;0;0;3.5
684.0;0;0;3.4
685.0;0;0;3.7
686.0;0;0;3.5
687.0;0;0;3.5
688.0;0;0;3.4
689.0;0;0;3.4
690.0;0;0;3.4
691.0;0;0;3.5
692.0;0;0;3.0
693.0;0;0;2.5
694.0;0;0;2.7
695.0;0;0;2.9
696.0;0;0;3.0
697.0;0;0;2.9
698.0;0;0;2.9
699.0;0;0;2.8
700.0;0;0;3.1
701.0;0;0;3.2
702.0;0;0;3.6
703.0;0;0;3.7
704.0;0;0;3.8
705.0;0;0;3.5
706.0;0;0;3.7
707.0;0;0;3.8
708.0;0;0;3.6
709.0;0;0;3.5
710.0;0;0;3.3
711.0;0;0;2.9
712.0;0;0;2.5
713.0;0;0;2.4
714.0;0;0;2.7
715.0;0;0;2.7
716.0;0;0;2.8
717.0;0;0;2.9
718.0;0;0;3.3
719.0;0;0;3.5
720.0;0;0;3.6
721.0;0;0;3.7
722.0;0;0;3.7
723.0;0;0;3.9
724.0;0;0;3.4
725.0;0;0;3.5
726.0;0;0;3.3
727.0;0;0;3.2
728.0;1;1;2.9
729.0;1;1;2.8
730.0;1;1;2.8
731.0;1;1;2.9
732.0;1;1;2.9
733.0;1;1;2.6
734.0;1;1;2.9
735.0;1;1;2.7
736.0;1;1;2.9
737.0;1;1;2.6
738.0;1;1;3.0
739.0;1;1;3.1
740.0;1;1;3.1
741.0;1;1;3.0
742.0;1;0;3.0
743.0;1;0;3.4
744.0;1;0;3.2
745.0;1;0;3.2
746.0;1;0;3.4
747.0;1;0;3.7
748.0;1;0;3.5
749.0;1;0;3.5
750.0;1;0;3.5
751.0;1;0;3.7
752.0;1;0;3.8
753.0;1;0;3.7
754.0;1;0;3.7
755.0;1;0;3.8
756.0;1;0;3.3
757.0;1;0;3.0
758.0;1;0;3.0
759.0;1;0;3.0
760.0;1;0;2.8
761.0;1;0;2.5
762.0;1;0;2.4
763.0;1;0;2.3
764.0;1;0;2.2
765.0;1;0;2.1
766.0;1;0;2.4
767.0;1;0;2.9
768.0;1;0;2.6
769.0;1;0;2.4
770.0;1;0;2.2
771.0;1;0;2.4
772.0;1;0;2.5
773.0;1;0;2.4
774.0;1;0;2.3
775.0;1;0;2.2
776.0;1;0;2.2
777.0;1;0;2.0
778.0;1;0;2.4
779.0;1;0;2.7
780.0;1;0;3.3
781.0;1;0;3.0
782.0;1;0;2.9
783.0;1;0;2.9
784.0;1;0;2.9
785.0;1;0;3.1
786.0;1;0;3.0
787.0;1;0;3.2
788.0;1;0;3.1
789.0;1;0;3.0
790.0;1;0;2.6
791.0;1;0;2.7
792.0;1;0;2.7
793.0;1;0;2.5
794.0;1;0;2.7
795.0;1;0;2.7
796.0;2;1;3.1
797.0;2;1;2.9
798.0;2;1;2.9
799.0;2;1;2.9
800.0;2;1;2.9
801.0;2;1;2.8
802.0;2;1;3.0
803.0;2;1;3.2
804.0;2;1;3.2
805.0;2;1;3.2
806.0;2;1;2.7
807.0;2;1;2.5
808.0;2;1;2.4
809.0;2;1;2.2
810.0;2;1;2.1
811.0;2;1;2.2
812.0;2;1;2.4
813.0;2;1;2.5
814.0;2;1;3.0
815.0;2;1;2.9
816.0;2;1;2.7
817.0;2;1;3.0
818.0;2;1;2.9
819.0;2;1;2.9
820.0;2;1;3.1
821.0;2;1;3.8
822.0;2;1;3.4
823.0;2;0;3.4
824.0;2;0;3.0
825.0;2;0;3.1
826.0;2;0;3.6
827.0;2;0;3.4
828.0;2;0;3.5
829.0;3;1;3.5
830.0;3;1;3.7
831.0;3;1;3.0
832.0;3;1;2.8
833.0;3;1;2.9
834.0;3;1;2.8
835.0;3;1;2.5
836.0;3;1;2.5
837.0;3;1;2.8
838.0;3;1;3.0
839.0;3;1;3.2
840.0;3;1;3.2
841.0;3;0;3.3
842.0;4;1;3.6
843.0;4;1;3.7
844.0;4;1;3.5
845.0;4;1;4.0
846.0;4;1;3.9
847.0;4;1;3.7
848.0;4;1;3.5
849.0;4;1;3.4
850.0;4;1;3.2
851.0;4;1;3.2
852.0;4;1;3.1
853.0;4;0;2.7
854.0;4;0;2.8
855.0;4;0;2.7
856.0;4;0;2.6
857.0;4;0;2.5
858.0;4;0;2.4
859.0;4;0;2.3
860.0;4;0;2.5
861.0;4;0;2.7
862.0;4;0;2.6
863.0;4;0;2.7
864.0;4;0;2.7
865.0;4;0;2.3
866.0;4;0;2.3
867.0;4;0;2.4
868.0;4;0;2.4
869.0;4;0;2.5
870.0;4;0;2.0
871.0;4;0;2.0
872.0;4;0;2.4
873.0;4;0;2.7
874.0;4;0;3.2
875.0;4;0;3.5
876.0;4;0;3.3
877.0;4;0;3.6
878.0;4;0;3.4
879.0;4;0;3.1
880.0;4;0;3.4
881.0;4;0;3.1
882.0;4;0;3.2
883.0;4;0;3.1
884.0;4;0;2.8
885.0;4;0;2.9
886.0;4;0;3.1
887.0;4;0;3.1
888.0;4;0;3.4
889.0;4;0;3.6
890.0;4;0;3.7
891.0;4;0;3.8
892.0;4;0;3.4
893.0;4;0;3.2
894.0;4;0;3.1
895.0;4;0;2.9
896.0;4;0;3.0
897.0;4;0;2.8
898.0;4;0;2.7
899.0;4;0;2.6
900.0;4;0;2.3
901.0;4;0;2.3
902.0;4;0;2.3
903.0;4;0;2.5
904.0;4;0;2.5
905.0;4;0;2.5
906.0;4;0;2.2
907.0;4;0;2.0
908.0;4;0;2.3
909.0;4;0;2.2
910.0;4;0;2.6
911.0;4;0;2.6
912.0;4;0;2.8
913.0;4;0;3.0
914.0;4;0;2.8
915.0;4;0;2.8
916.0;4;0;3.0
917.0;4;0;3.1
918.0;4;0;3.0
919.0;4;0;3.3
920.0;4;0;3.0
921.0;4;0;3.0
922.0;4;0;3.0
923.0;4;0;2.6
924.0;4;0;2.9
925.0;4;0;3.0
926.0;4;0;2.9
927.0;4;0;3.0
928.0;4;0;3.0
929.0;4;0;3.3
930.0;4;0;3.3
931.0;4;0;3.7
932.0;4;0;3.5
933.0;4;0;3.4
934.0;4;0;3.1
935.0;4;0;3.0
936.0;5;1;3.1
937.0;5;1;2.9
938.0;5;1;3.0
939.0;5;1;2.5
940.0;5;1;2.5
941.0;5;1;2.1
942.0;5;1;2.0
943.0;5;1;2.1
944.0;5;1;2.3
945.0;5;1;2.1
946.0;5;1;1.9
947.0;5;1;2.2
948.0;5;1;2.3
949.0;5;1;2.2
950.0;5;1;2.1
951.0;5;1;2.1
952.0;5;1;2.4
953.0;5;1;2.7
954.0;5;1;2.8
955.0;5;1;2.9
956.0;5;1;3.0
957.0;5;1;2.9
958.0;6;2;2.8
959.0;7;1;2.9
960.0;7;1;3.0
961.0;7;1;3.1
962.0;7;1;2.8
963.0;7;1;2.3
964.0;8;1;2.1
965.0;8;3;2.3
966.0;8;1;2.2
967.0;8;1;2.0
968.0;8;1;1.6
969.0;8;1;1.6
970.0;9;3;1.7
971.0;9;3;1.5
972.0;9;3;1.9
973.0;9;3;2.1
974.0;9;3;2.1
975.0;9;3;1.9
976.0;9;3;1.8
977.0;9;3;1.9
978.0;9;3;1.9
979.0;9;3;1.9
980.0;9;3;1.6
981.0;9;3;1.6
982.0;9;3;1.4
983.0;9;3;1.4
984.0;9;3;1.2
985.0;9;2;1.6
986.0;9;2;1.7
987.0;9;2;1.5
988.0;9;2;1.7
989.0;9;2;1.8
990.0;9;2;1.8
991.0;9;1;1.8
992.0;9;1;1.8
993.0;10;2;1.9
994.0;10;1;2.1
995.0;10;1;1.7
996.0;10;1;1.6
997.0;10;1;1.7
998.0;10;1;1.5
999.0;10;1;1.3
1000.0;10;1;1.3
1001.0;10;1;1.2
1002.0;10;1;1.0
1003.0;10;0;1.0
1004.0;10;0;1.3
1005.0;10;0;1.3
1006.0;10;0;1.5
1007.0;10;0;1.6
1008.0;10;0;1.8
1009.0;10;0;2.0
1010.0;10;0;2.6
1011.0;10;0;2.6
1012.0;10;0;2.6
1013.0;10;0;2.4
1014.0;10;0;2.1
1015.0;10;0;2.2
1016.0;10;0;2.4
1017.0;10;0;2.2
1018.0;10;0;2.0
1019.0;10;0;1.9
1020.0;10;0;1.7
1021.0;10;0;2.0
1022.0;10;0;2.3
1023.0;10;0;2.2
1024.0;10;0;2.1
1025.0;10;0;1.9
1026.0;10;0;1.5
1027.0;10;0;1.7
1028.0;10;0;1.9
1029.0;10;0;2.1
1030.0;10;0;1.9
1031.0;10;0;1.7
1032.0;10;0;1.4
1033.0;10;0;1.6
1034.0;10;0;1.8
1035.0;10;0;1.9
1036.0;10;0;2.1
1037.0;10;0;2.2
1038.0;10;0;2.2
1039.0;10;0;2.2
1040.0;10;0;2.2
1041.0;10;0;2.4
1042.0;10;0;2.3
1043.0;10;0;2.2
1044.0;10;0;2.1
1045.0;10;0;2.1
1046.0;10;0;2.1
1047.0;10;0;2.1
1048.0;10;0;1.8
1049.0;10;0;1.8
1050.0;10;0;1.9
1051.0;10;0;1.8
1052.0;10;0;1.8
1053.0;10;0;1.8
1054.0;10;0;1.6
1055.0;10;0;1.7
1056.0;10;0;1.8
1057.0;10;0;1.5
1058.0;10;0;1.7
1059.0;10;0;1.5
1060.0;10;0;1.6
1061.0;10;0;1.5
1062.0;10;0;1.5
1063.0;10;0;1.5
1064.0;10;0;1.8
1065.0;10;0;1.7
1066.0;10;0;1.7
1067.0;10;0;1.7
1068.0;10;0;1.5
1069.0;10;0;1.5
1070.0;10;0;1.2
1071.0;10;0;1.3
1072.0;10;0;1.5
1073.0;10;0;1.4
1074.0;10;0;1.1
1075.0;10;0;1.2
1076.0;10;0;1.1
1077.0;10;0;1.3
1078.0;10;0;1.4
1079.0;10;0;1.6
1080.0;10;0;1.7
1081.0;10;0;1.7
1082.0;10;0;1.8
1083.0;10;0;2.0
1084.0;10;0;2.1
1085.0;10;0;2.1
1086.0;10;0;2.1
1087.0;10;0;1.9
1088.0;10;0;2.1
1089.0;10;0;1.9
1090.0;10;0;1.7
1091.0;10;0;1.5
1092.0;10;0;1.5
1093.0;10;0;1.4
1094.0;10;0;1.6
1095.0;10;0;1.6
1096.0;10;0;1.5
1097.0;10;0;1.7
1098.0;10;0;1.8
1099.0;10;0;1.7
1100.0;10;0;2.1
1101.0;10;0;2.3
1102.0;10;0;2.2
1103.0;10;0;2.3
1104.0;10;0;2.3
1105.0;10;0;2.3
1106.0;10;0;2.3
1107.0;10;0;2.2
1108.0;10;0;2.1
1109.0;10;0;2.2
1110.0;10;0;1.9
1111.0;10;0;1.9
1112.0;10;0;2.0
1113.0;10;0;2.1
1114.0;10;0;2.1
1115.0;10;0;2.2
1116.0;10;0;2.5
1117.0;10;0;2.4
1118.0;10;0;2.2
1119.0;10;0;2.4
1120.0;10;0;2.7
1121.0;10;0;2.7
1122.0;10;0;2.7
1123.0;10;0;2.5
1124.0;10;0;2.3
1125.0;10;0;2.2
1126.0;10;0;1.8
1127.0;10;0;2.0
1128.0;10;0;2.0
1129.0;10;0;1.7
1130.0;10;0;1.4
1131.0;10;0;1.3
1132.0;10;0;1.3
1133.0;10;0;1.4
1134.0;10;0;1.4
1135.0;10;0;1.5
1136.0;10;0;1.7
1137.0;10;0;1.4
1138.0;10;0;1.6
1139.0;10;0;1.8
1140.0;10;0;1.9
1141.0;10;0;2.0
1142.0;10;0;1.8
1143.0;10;0;1.6
1144.0;10;0;1.7
1145.0;10;0;1.8
1146.0;10;0;1.6
1147.0;10;0;1.8
1148.0;11;1;1.7
1149.0;11;1;1.9
1150.0;11;1;1.9
1151.0;11;1;1.9
1152.0;11;1;1.8
1153.0;11;1;1.9
1154.0;11;1;2.1
1155.0;11;1;1.8
1156.0;11;1;1.9
1157.0;11;1;1.7
1158.0;11;1;1.6
1159.0;11;1;1.3
1160.0;11;1;1.2
1161.0;11;0;1.5
1162.0;11;0;1.7
1163.0;11;0;1.7
1164.0;11;0;1.4
1165.0;11;0;1.5
1166.0;11;0;1.6
1167.0;11;0;1.9
1168.0;11;0;1.9
1169.0;11;0;1.8
1170.0;11;0;1.8
1171.0;12;1;1.6
1172.0;12;1;1.5
1173.0;13;2;1.5
1174.0;13;2;1.5
1175.0;13;2;1.6
1176.0;13;2;1.5
1177.0;13;2;1.4
1178.0;13;2;1.3
1179.0;13;2;1.4
1180.0;14;3;1.5
1181.0;14;3;1.2
1182.0;14;2;1.2
1183.0;14;1;1.2
1184.0;14;1;1.4
1185.0;14;1;1.2
1186.0;14;1;1.1
1187.0;14;1;1.1
1188.0;14;1;1.3
1189.0;14;1;1.3
1190.0;14;1;1.1
1191.0;14;1;1.1
1192.0;14;1;1.1
1193.0;14;1;1.2
1194.0;14;1;0.9
1195.0;14;1;0.9
1196.0;14;1;1.0
1197.0;14;1;0.8
1198.0;14;0;0.6
1199.0;14;0;0.6
1200.0;14;0;0.6
1201.0;14;0;0.6
1202.0;14;0;0.6
1203.0;14;0;0.4
1204.0;14;0;0.5
1205.0;14;0;0.7
1206.0;14;0;0.7
1207.0;14;0;0.7
1208.0;14;0;0.8
1209.0;14;0;0.9
1210.0;14;0;0.9
1211.0;14;0;1.1
1212.0;14;0;1.3
1213.0;14;0;1.5
1214.0;14;0;1.5
1215.0;14;0;1.2
1216.0;14;0;1.2
1217.0;14;0;1.3
1218.0;14;0;1.3
1219.0;14;0;1.1
1220.0;15;1;1.3
1221.0;15;1;1.3
1222.0;15;1;1.1
1223.0;15;1;1.0
1224.0;15;1;1.0
1225.0;15;1;1.1
1226.0;15;1;1.1
1227.0;15;1;1.2
1228.0;15;1;1.4
1229.0;15;1;1.4
1230.0;15;0;1.2
1231.0;15;0;1.0
1232.0;15;0;0.9
1233.0;15;0;0.8
1234.0;15;0;0.7
1235.0;15;0;0.8
1236.0;15;0;0.7
1237.0;15;0;0.5
1238.0;15;0;0.4
1239.0;15;0;0.6
1240.0;15;0;0.6
1241.0;15;0;0.6
1242.0;15;0;0.8
1243.0;15;0;0.9
1244.0;15;0;1.1
1245.0;15;0;0.9
1246.0;15;0;0.9
1247.0;15;0;1.1
1248.0;15;0;0.9
1249.0;15;0;0.9
1250.0;15;0;1.0
1251.0;15;0;1.1
1252.0;15;0;0.9
1253.0;15;0;0.8
1254.0;15;0;0.7
1255.0;15;0;0.8
1256.0;15;0;0.8
1257.0;15;0;0.9
1258.0;15;0;0.9
1259.0;15;0;0.9
1260.0;15;0;0.8
1261.0;15;0;1.0
1262.0;15;0;1.0
1263.0;15;0;1.1
1264.0;15;0;1.1
1265.0;15;0;1.1
1266.0;15;0;1.1
1267.0;15;0;0.8
1268.0;15;0;0.8
1269.0;15;0;0.7
1270.0;15;0;0.7
1271.0;15;0;0.4
1272.0;15;0;0.6
1273.0;15;0;0.5
1274.0;15;0;0.5
1275.0;15;0;0.5
1276.0;15;0;0.5
1277.0;15;0;0.5
1278.0;15;0;0.8
1279.0;15;0;0.8
1280.0;15;0;0.9
1281.0;15;0;1.0
1282.0;15;0;0.9
1283.0;15;0;1.0
1284.0;15;0;0.9
1285.0;15;0;0.8
1286.0;15;0;0.9
1287.0;15;0;0.9
1288.0;15;0;0.7
1289.0;15;0;0.8
1290.0;15;0;0.9
1291.0;15;0;0.9
1292.0;15;0;0.9
1293.0;15;0;0.8
1294.0;15;0;0.9
1295.0;15;0;1.3
1296.0;15;0;1.3
1297.0;15;0;1.5
1298.0;15;0;1.5
1299.0;15;0;1.3
1300.0;15;0;1.2
1301.0;15;0;1.2
1302.0;15;0;1.2
1303.0;15;0;1.5
1304.0;15;0;1.4
1305.0;15;0;1.1
1306.0;15;0;1.1
1307.0;15;0;1.0
1308.0;15;0;0.9
1309.0;15;0;1.1
1310.0;15;0;1.1
1311.0;15;0;1.0
1312.0;15;0;1.1
1313.0;15;0;0.8
1314.0;15;0;0.8
1315.0;15;0;0.9
1316.0;15;0;0.9
1317.0;15;0;0.8
1318.0;15;0;0.8
1319.0;15;0;0.6
1320.0;15;0;0.7
1321.0;15;0;0.7
1322.0;15;0;0.5
1323.0;15;0;0.7
1324.0;15;0;0.7
1325.0;15;0;0.7
1326.0;15;0;0.7
1327.0;15;0;0.7
1328.0;15;0;0.9
1329.0;15;0;0.9
1330.0;15;0;0.7
1331.0;15;0;1.0
1332.0;15;0;1.1
1333.0;15;0;1.0
1334.0;15;0;1.2
1335.0;15;0;1.0
1336.0;15;0;0.9
1337.0;15;0;1.0
1338.0;15;0;0.8
1339.0;15;0;0.8
1340.0;15;0;0.8
1341.0;15;0;0.5
1342.0;15;0;0.4
1343.0;15;0;0.3
1344.0;15;0;0.1
1345.0;15;0;0.2
1346.0;15;0;0.3
1347.0;15;0;0.4
1348.0;15;0;0.5
1349.0;15;0;0.5
1350.0;15;0;0.6
1351.0;15;0;0.6
1352.0;15;0;0.8
1353.0;15;0;0.8
1354.0;15;0;0.8
1355.0;15;0;0.9
1356.0;15;0;1.0
1357.0;15;0;0.9
1358.0;15;0;1.0
1359.0;15;0;1.2
1360.0;15;0;1.1
1361.0;15;0;1.1
1362.0;15;0;1.1
1363.0;15;0;1.2
1364.0;15;0;1.2
1365.0;15;0;1.2
1366.0;15;0;1.0
1367.0;15;0;1.0
1368.0;15;0;0.8
1369.0;15;0;0.6
1370.0;15;0;0.8
1371.0;15;0;0.8
1372.0;15;0;0.7
1373.0;15;0;0.7
1374.0;15;0;0.8
1375.0;15;0;0.7
1376.0;15;0;0.8
1377.0;15;0;0.8
1378.0;15;0;0.9
1379.0;15;0;1.0
1380.0;15;0;1.0
1381.0;15;0;1.0
1382.0;15;0;0.9
1383.0;15;0;0.8
1384.0;15;0;0.7
1385.0;15;0;0.6
1386.0;15;0;0.5
1387.0;15;0;0.6
1388.0;15;0;0.6
1389.0;15;0;0.6
1390.0;15;0;0.5
1391.0;15;0;0.5
1392.0;15;0;0.6
1393.0;15;0;0.8
1394.0;15;0;0.9
1395.0;15;0;0.9
1396.0;15;0;0.9
1397.0;15;0;0.9
1398.0;15;0;0.8
1399.0;15;0;0.7
1400.0;15;0;0.7
1401.0;15;0;0.8
1402.0;15;0;0.9
1403.0;15;0;0.8
1404.0;15;0;0.9
1405.0;15;0;1.1
1406.0;15;0;1.1
1407.0;15;0;0.9
1408.0;15;0;1.0
1409.0;15;0;1.0
1410.0;15;0;0.9
1411.0;15;0;0.8
1412.0;15;0;0.7
1413.0;16;1;0.8
1414.0;16;1;0.6
1415.0;16;1;0.5
1416.0;16;1;0.7
1417.0;16;1;0.7
1418.0;16;1;0.8
1419.0;16;1;0.9
1420.0;16;1;0.9
1421.0;16;1;1.0
1422.0;16;1;1.0
1423.0;16;1;0.9
1424.0;16;1;0.9
1425.0;16;1;0.9
1426.0;16;1;0.7
1427.0;16;1;0.7
1428.0;16;1;0.6
1429.0;16;1;0.7
1430.0;16;1;0.7
1431.0;16;1;0.6
1432.0;16;0;0.6
1433.0;16;0;0.6
1434.0;16;0;0.6
1435.0;16;0;0.6
1436.0;16;0;0.6
1437.0;16;0;0.6
1438.0;16;0;0.6
1439.0;16;0;0.4
1440.0;16;0;0.5
1441.0;16;0;0.6
1442.0;16;0;0.5
1443.0;16;0;0.5
1444.0;16;1;0.5
1445.0;16;1;0.6
1446.0;16;1;0.7
1447.0;16;1;0.7
1448.0;16;1;0.6
1449.0;16;1;0.7
1450.0;16;1;0.6
1451.0;16;1;0.5
1452.0;16;1;0.5
1453.0;16;1;0.5
1454.0;16;1;0.6
1455.0;16;1;0.5
1456.0;16;1;0.4
1457.0;16;1;0.4
1458.0;16;1;0.4
1459.0;16;1;0.3
1460.0;16;1;0.3
1461.0;16;1;0.3
1462.0;16;1;0.4
1463.0;16;1;0.5
1464.0;16;1;0.5
1465.0;16;1;0.4
1466.0;16;1;0.5
1467.0;16;1;0.6
1468.0;16;1;0.7
1469.0;16;1;0.7
1470.0;16;1;0.8
1471.0;16;1;0.8
1472.0;16;1;0.9
1473.0;16;1;0.7
1474.0;16;1;0.6
1475.0;16;1;0.9
1476.0;16;1;0.8
1477.0;16;1;0.7
1478.0;16;1;0.8
1479.0;16;1;0.8
1480.0;16;1;0.9
1481.0;16;1;0.9
1482.0;16;1;0.7
1483.0;16;1;0.9
1484.0;16;1;0.9
1485.0;16;1;0.6
1486.0;16;1;0.8
1487.0;16;0;0.8
1488.0;16;0;0.6
1489.0;16;0;0.6
1490.0;16;0;0.4
1491.0;16;0;0.6
1492.0;16;0;0.6
1493.0;16;0;0.4
1494.0;16;0;0.4
1495.0;16;0;0.4
1496.0;16;0;0.2
1497.0;16;0;0.3
1498.0;16;0;0.3
1499.0;16;0;0.6
1500.0;16;0;0.6
1501.0;16;0;0.5
1502.0;16;0;0.5
1503.0;16;0;0.6
1504.0;16;0;0.7
1505.0;16;0;0.8
1506.0;16;0;0.9
1507.0;16;0;1.0
1508.0;16;0;1.1
1509.0;16;0;0.9
1510.0;16;0;0.9
1511.0;16;0;0.9
1512.0;16;0;1.1
1513.0;16;0;1.1
1514.0;16;0;1.0
1515.0;16;0;1.0
1516.0;16;0;1.0
1517.0;16;0;0.8
1518.0;16;0;1.0
1519.0;16;0;0.9
1520.0;16;0;1.0
1521.0;16;0;1.0
1522.0;16;0;0.8
1523.0;16;0;0.8
1524.0;16;0;0.8
1525.0;16;0;0.8
1526.0;16;0;0.8
1527.0;16;0;0.8
1528.0;16;0;0.7
1529.0;16;0;0.9
1530.0;16;0;0.9
1531.0;16;0;0.8
1532.0;16;0;0.8
1533.0;16;0;0.7
1534.0;16;0;0.8
1535.0;16;0;0.7
1536.0;16;0;0.7
1537.0;16;0;0.8
1538.0;16;0;0.7
1539.0;16;0;0.5
1540.0;16;0;0.4
1541.0;16;0;0.5
1542.0;16;0;0.6
1543.0;16;0;0.6
1544.0;16;0;0.5
1545.0;16;0;0.7
1546.0;16;0;0.8
1547.0;16;0;0.8
1548.0;16;0;0.7
1549.0;16;0;0.7
1550.0;16;0;0.7
1551.0;16;0;0.8
1552.0;16;0;0.9
1553.0;16;0;0.9
1554.0;16;0;0.9
1555.0;16;0;0.9
1556.0;16;0;0.7
1557.0;16;0;0.7
1558.0;16;0;0.8
1559.0;16;0;0.9
1560.0;16;0;1.1
1561.0;16;0;0.9
1562.0;16;0;0.7
1563.0;16;0;0.8
1564.0;16;0;1.1
1565.0;16;0;0.9
1566.0;16;0;1.0
1567.0;16;0;1.1
1568.0;16;0;1.1
1569.0;16;0;1.1
1570.0;16;0;0.9
1571.0;16;0;0.9
1572.0;16;0;0.9
1573.0;16;0;0.8
1574.0;16;0;0.5
1575.0;16;0;0.6
1576.0;16;0;0.6
1577.0;16;0;0.5
1578.0;16;0;0.5
1579.0;16;0;0.5
1580.0;16;0;0.6
1581.0;16;0;0.7
1582.0;16;0;0.7
1583.0;16;0;0.7
1584.0;16;0;0.8
1585.0;16;0;0.7
1586.0;16;0;0.6
1587.0;16;0;0.6
1588.0;16;0;0.6
1589.0;16;0;0.6
1590.0;16;0;0.5
1591.0;16;0;0.4
1592.0;16;0;0.4
1593.0;16;0;0.4
1594.0;16;0;0.3
1595.0;16;0;0.4
1596.0;16;0;0.5
1597.0;16;0;0.4
1598.0;16;0;0.3
1599.0;16;0;0.3
1600.0;16;0;0.5
1601.0;16;0;0.6
1602.0;16;0;0.6
1603.0;16;0;0.7
1604.0;16;0;0.7
1605.0;16;0;0.6
1606.0;16;0;0.5
1607.0;16;0;0.5
1608.0;16;0;0.6
1609.0;16;0;0.6
1610.0;16;0;0.5
1611.0;16;0;0.7
1612.0;16;0;0.9
1613.0;16;0;0.8
1614.0;16;0;0.8
1615.0;16;0;0.8
1616.0;16;0;1.0
1617.0;16;0;1.1
1618.0;16;0;1.2
1619.0;16;0;1.1
1620.0;16;0;1.0
1621.0;17;1;0.9
1622.0;17;1;0.7
1623.0;17;1;0.8
1624.0;17;1;0.9
1625.0;17;1;1.1
1626.0;17;1;0.9
1627.0;17;1;0.9
1628.0;17;1;0.8
1629.0;17;1;1.0
1630.0;17;1;1.0
1631.0;17;1;0.8
1632.0;17;1;0.8
1633.0;17;0;0.8
1634.0;17;0;0.7
1635.0;17;0;0.5
1636.0;17;0;0.5
1637.0;17;0;0.5
1638.0;17;0;0.6
1639.0;17;0;0.5
1640.0;17;0;0.5
1641.0;17;0;0.6
1642.0;17;0;0.7
1643.0;17;0;0.7
1644.0;17;0;0.9
1645.0;17;0;1.1
1646.0;17;0;1.2
1647.0;17;0;1.2
1648.0;17;0;1.1
1649.0;17;0;1.3
1650.0;17;0;1.5
1651.0;17;0;1.5
1652.0;17;0;1.5
1653.0;17;0;1.4
1654.0;17;0;1.2
1655.0;17;0;1.0
1656.0;17;0;1.0
1657.0;17;0;0.9
1658.0;17;0;0.9
1659.0;17;0;0.7
1660.0;17;0;0.7
1661.0;17;0;0.7
1662.0;17;0;0.7
1663.0;17;0;0.7
1664.0;17;0;0.8
1665.0;17;0;0.8
1666.0;17;0;0.7
1667.0;17;0;0.8
1668.0;17;0;0.7
1669.0;17;0;0.9
1670.0;17;0;1.0
1671.0;17;0;0.9
1672.0;17;0;0.8
1673.0;17;0;0.9
1674.0;17;0;0.8
1675.0;17;0;0.8
1676.0;17;0;0.8
1677.0;17;0;0.7
1678.0;17;0;0.7
1679.0;17;0;0.5
1680.0;17;0;0.2
1681.0;17;0;0.2
1682.0;17;0;0.2
1683.0;17;0;0.1
1684.0;17;0;0.2
1685.0;17;0;0.3
1686.0;17;0;0.3
1687.0;17;0;0.4
1688.0;17;0;0.4
1689.0;17;0;0.3
1690.0;17;0;0.3
1691.0;17;0;0.3
1692.0;17;0;0.3
1693.0;17;0;0.3
1694.0;17;0;0.2
1695.0;17;0;0.1
1696.0;17;0;0.1
1697.0;17;0;0.0
1698.0;17;0;0.1
1699.0;17;0;0.1
1700.0;17;0;0.1
1701.0;17;0;0.3
1702.0;17;0;0.4
1703.0;17;0;0.4
1704.0;17;0;0.5
1705.0;17;0;0.5
1706.0;17;0;0.7
1707.0;17;0;0.7
1708.0;17;0;0.6
1709.0;17;0;0.6
1710.0;17;0;0.6
1711.0;17;0;0.4
1712.0;17;0;0.3
1713.0;17;0;0.4
1714.0;17;0;0.3
1715.0;17;0;0.4
1716.0;17;0;0.3
1717.0;17;0;0.4
1718.0;17;0;0.4
1719.0;17;0;0.5
1720.0;17;0;0.7
1721.0;17;0;0.8
1722.0;17;0;0.9
1723.0;17;0;0.8
1724.0;17;0;0.8
1725.0;17;0;0.7
1726.0;17;0;0.7
1727.0;17;0;0.7
1728.0;17;0;0.9
1729.0;17;0;1.0
1730.0;17;0;0.8
1731.0;17;0;0.7
1732.0;17;0;0.6
1733.0;17;0;0.7
1734.0;17;0;0.8
1735.0;17;0;0.8
1736.0;17;0;0.7
1737.0;17;0;0.6
1738.0;17;0;0.4
1739.0;17;0;0.2
1740.0;17;0;0.4
1741.0;17;0;0.4
1742.0;17;0;0.5
1743.0;17;0;0.4
1744.0;17;0;0.4
1745.0;17;0;0.6
1746.0;17;0;0.6
1747.0;17;0;0.6
1748.0;17;0;0.8
1749.0;17;0;0.8
1750.0;17;0;0.6
1751.0;17;0;0.6
1752.0;17;0;0.6
1753.0;17;0;0.6
1754.0;17;0;0.5
1755.0;17;0;0.4
1756.0;17;0;0.4
1757.0;17;0;0.4
1758.0;17;0;0.2
1759.0;17;0;0.2
1760.0;17;0;0.3
1761.0;17;0;0.3
1762.0;17;0;0.2
1763.0;17;0;0.3
1764.0;17;0;0.4
1765.0;17;0;0.4
1766.0;17;0;0.5
1767.0;17;0;0.5
1768.0;17;0;0.5
1769.0;17;0;0.5
1770.0;17;0;0.4
1771.0;17;0;0.5
1772.0;17;0;0.5
1773.0;17;0;0.6
1774.0;17;0;0.7
1775.0;17;0;0.6
1776.0;17;0;0.5
1777.0;17;0;0.5
1778.0;17;0;0.5
1779.0;17;0;0.5
1780.0;17;0;0.5
1781.0;17;0;0.6
1782.0;17;0;0.7
1783.0;17;0;0.5
1784.0;17;0;0.3
1785.0;17;0;0.4
1786.0;17;0;0.4
1787.0;17;0;0.4
1788.0;17;0;0.4
1789.0;17;0;0.4
1790.0;17;0;0.6
1791.0;17;0;0.4
1792.0;17;0;0.3
1793.0;17;0;0.7
1794.0;17;0;0.8
1795.0;17;0;0.8
1796.0;17;0;0.8
1797.0;17;0;0.8
1798.0;17;0;0.8
1799.0;17;0;0.9
1800.0;17;0;0.7
1801.0;17;0;0.7
1802.0;17;0;0.7
1803.0;17;0;0.6
1804.0;17;0;0.5
1805.0;17;0;0.4
1806.0;17;0;0.4
1807.0;17;0;0.5
1808.0;17;0;0.5
1809.0;17;0;0.5
1810.0;17;0;0.6
1811.0;17;0;0.7
1812.0;17;0;0.8
1813.0;18;1;0.7
1814.0;18;1;0.8
1815.0;18;1;0.8
1816.0;18;1;0.9
1817.0;18;1;0.8
1818.0;18;1;1.1
1819.0;18;1;1.0
1820.0;18;1;0.9
1821.0;18;1;0.8
1822.0;18;1;0.8
1823.0;18;1;0.6
1824.0;18;1;0.5
1825.0;18;1;0.6
1826.0;18;1;0.6
1827.0;18;1;0.7
1828.0;18;1;0.4
1829.0;18;1;0.5
1830.0;18;0;0.5
1831.0;18;0;0.6
1832.0;18;0;0.6
1833.0;18;0;0.7
1834.0;18;0;0.7
1835.0;18;0;0.7
1836.0;18;0;0.6
1837.0;18;0;0.6
1838.0;18;0;0.6
1839.0;18;0;0.6
1840.0;18;0;0.6
1841.0;18;0;0.7
1842.0;18;0;0.8
1843.0;18;0;0.8
1844.0;18;0;0.8
1845.0;18;0;0.7
1846.0;18;0;0.8
1847.0;18;0;0.7
1848.0;18;0;0.7
1849.0;18;0;0.6
1850.0;18;0;0.7
1851.0;18;0;0.5
1852.0;18;0;0.4
1853.0;18;0;0.3
1854.0;18;0;0.4
1855.0;18;0;0.4
1856.0;18;0;0.5
1857.0;18;0;0.5
1858.0;18;0;0.6
1859.0;18;0;0.8
1860.0;18;0;0.8
1861.0;18;0;0.8
1862.0;18;0;0.8
1863.0;18;0;1.0
1864.0;18;0;1.0
1865.0;18;0;1.0
1866.0;18;0;0.9
1867.0;18;0;0.9
1868.0;18;0;0.8
1869.0;18;0;0.6
1870.0;18;0;0.7
1871.0;18;0;0.7
1872.0;18;0;0.6
1873.0;18;0;0.4
1874.0;18;0;0.3
1875.0;18;0;0.4
1876.0;18;0;0.3
1877.0;18;0;0.4
1878.0;18;0;0.4
1879.0;18;0;0.5
1880.0;18;0;0.4
1881.0;18;0;0.4
1882.0;18;0;0.4
1883.0;18;0;0.5
1884.0;18;0;0.7
1885.0;18;0;0.7
1886.0;18;0;0.7
1887.0;18;0;0.6
1888.0;18;0;0.6
1889.0;18;0;0.5
1890.0;18;0;0.4
1891.0;18;0;0.4
1892.0;18;0;0.4
1893.0;18;0;0.4
1894.0;18;0;0.2
1895.0;18;0;0.2
1896.0;18;0;0.3
1897.0;18;0;0.4
1898.0;18;0;0.4
1899.0;18;0;0.5
1900.0;18;0;0.5
1901.0;18;0;0.5
1902.0;18;0;0.6
1903.0;18;0;0.6
1904.0;18;0;0.7
1905.0;18;0;0.7
1906.0;18;0;0.6
1907.0;18;0;0.7
1908.0;18;0;0.7
1909.0;18;0;0.6
1910.0;18;0;0.6
1911.0;18;0;0.6
1912.0;18;0;0.6
1913.0;18;0;0.7
1914.0;18;0;0.6
1915.0;18;0;0.8
1916.0;18;0;0.9
1917.0;18;0;0.8
1918.0;18;0;0.8
1919.0;18;0;0.9
1920.0;18;0;0.9
1921.0;18;0;1.0
1922.0;18;0;0.9
1923.0;18;0;0.7
1924.0;18;0;0.7
1925.0;18;0;0.5
1926.0;18;0;0.4
1927.0;18;0;0.3
1928.0;19;1;0.4
1929.0;19;1;0.4
1930.0;19;1;0.4
1931.0;19;1;0.3
1932.0;19;1;0.3
1933.0;19;1;0.3
1934.0;19;1;0.3
1935.0;19;1;0.2
1936.0;19;1;0.3
1937.0;19;1;0.4
1938.0;19;1;0.4
1939.0;19;1;0.4
1940.0;19;1;0.4
1941.0;19;1;0.6
1942.0;19;0;0.6
1943.0;19;0;0.7
1944.0;19;0;0.7
1945.0;19;0;0.8
1946.0;19;0;0.8
1947.0;19;0;0.8
1948.0;19;0;0.8
1949.0;19;0;0.7
1950.0;19;0;0.8
1951.0;19;0;0.6
1952.0;19;0;0.6
1953.0;19;0;0.5
1954.0;19;0;0.5
1955.0;19;0;0.4
1956.0;19;0;0.3
1957.0;19;0;0.2
1958.0;19;0;0.1
1959.0;19;0;0.1
1960.0;19;0;0.0
1961.0;19;0;0.0
1962.0;19;0;0.0
1963.0;19;0;0.0
1964.0;19;0;0.1
1965.0;19;0;0.1
1966.0;19;0;0.2
1967.0;19;0;0.2
1968.0;19;0;0.2
1969.0;19;0;0.2
1970.0;19;0;0.2
1971.0;19;0;0.2
1972.0;19;0;0.2
1973.0;19;0;0.3
1974.0;19;0;0.3
1975.0;19;0;0.3
1976.0;19;0;0.3
1977.0;19;0;0.3
1978.0;19;0;0.3
1979.0;19;0;0.3
1980.0;19;0;0.4
1981.0;19;0;0.4
1982.0;19;0;0.4
1983.0;19;0;0.4
1984.0;19;0;0.3
1985.0;19;0;0.3
1986.0;19;0;0.2
1987.0;19;0;0.2
1988.0;19;0;0.2
1989.0;19;0;0.2
1990.0;19;0;0.1
1991.0;19;0;0.1
1992.0;19;0;0.1
1993.0;19;0;0.1
1994.0;19;0;0.1
1995.0;19;0;0.1
1996.0;19;0;0.2
1997.0;19;0;0.3
1998.0;19;0;0.3
1999.0;19;0;0.4
2000.0;19;0;0.4
2001.0;19;0;0.5
2002.0;19;0;0.6
2003.0;19;0;0.5
2004.0;19;0;0.5
2005.0;19;0;0.7
2006.0;19;0;0.6
2007.0;19;0;0.5
2008.0;19;0;0.5
2009.0;19;0;0.4
2010.0;19;0;0.4
2011.0;19;0;0.3
2012.0;19;0;0.2
2013.0;19;0;0.2
2014.0;19;0;0.3
2015.0;19;0;0.1
2016.0;19;0;0.1
2017.0;19;0;0.1
2018.0;19;0;0.1
2019.0;19;0;0.1
2020.0;19;0;0.3
2021.0;19;0;0.3
2022.0;19;0;0.3
2023.0;19;0;0.3
2024.0;19;0;0.2
2025.0;19;0;0.2
2026.0;19;0;0.2
2027.0;19;0;0.2
2028.0;19;0;0.3
2029.0;19;0;0.5
2030.0;19;0;0.3
2031.0;19;0;0.3
2032.0;19;0;0.4
2033.0;19;0;0.4
2034.0;19;0;0.4
2035.0;19;0;0.4
2036.0;19;0;0.4
2037.0;19;0;0.4
2038.0;19;0;0.4
2039.0;19;0;0.3
2040.0;19;0;0.4
2041.0;19;0;0.6
2042.0;19;0;0.5
2043.0;19;0;0.5
2044.0;19;0;0.5
2045.0;19;0;0.7
2046.0;19;0;0.8
2047.0;19;0;0.8
2048.0;19;0;0.7
2049.0;19;0;0.6
2050.0;19;0;0.5
2051.0;19;0;0.3
2052.0;19;0;0.4
2053.0;19;0;0.4
2054.0;19;0;0.4
2055.0;19;0;0.3
2056.0;19;0;0.3
2057.0;19;0;0.3
2058.0;19;0;0.4
2059.0;19;0;0.4
2060.0;19;0;0.5
2061.0;19;0;0.5
2062.0;19;0;0.4
2063.0;19;0;0.5
2064.0;19;0;0.6
2065.0;19;0;0.5
2066.0;19;0;0.4
2067.0;19;0;0.5
2068.0;19;0;0.4
2069.0;19;0;0.5
2070.0;20;1;0.5
2071.0;20;1;0.5
2072.0;20;1;0.5
2073.0;20;1;0.4
2074.0;20;1;0.3
2075.0;20;1;0.3
2076.0;20;1;0.3
2077.0;20;1;0.2
2078.0;20;1;0.2
2079.0;20;1;0.1
2080.0;20;1;0.0
2081.0;20;1;0.0
2082.0;20;1;0.1
2083.0;20;1;0.1
2084.0;20;1;0.2
2085.0;20;1;0.2
2086.0;20;1;0.2
2087.0;20;1;0.2
2088.0;20;0;0.2
2089.0;20;0;0.3
2090.0;20;0;0.5
2091.0;20;0;0.7
2092.0;20;0;0.6
2093.0;20;0;0.6
2094.0;20;0;0.5
2095.0;20;0;0.5
2096.0;20;0;0.5
2097.0;20;0;0.5
2098.0;20;0;0.5
2099.0;20;0;0.5
2100.0;20;0;0.4
2101.0;20;0;0.3
2102.0;20;0;0.3
2103.0;20;0;0.3
2104.0;20;0;0.3
2105.0;20;0;0.3
2106.0;20;0;0.3
2107.0;20;0;0.3
2108.0;20;0;0.3
2109.0;20;0;0.3
2110.0;20;0;0.3
2111.0;20;0;0.3
2112.0;20;0;0.3
2113.0;20;0;0.4
2114.0;20;0;0.5
2115.0;20;0;0.5
2116.0;20;0;0.6
2117.0;20;0;0.7
2118.0;20;0;0.7
2119.0;20;0;0.7
2120.0;20;0;0.6
2121.0;20;0;0.6
2122.0;20;0;0.6
2123.0;20;0;0.5
2124.0;20;0;0.4
2125.0;20;0;0.5
2126.0;20;0;0.4
2127.0;20;0;0.3
2128.0;20;0;0.3
2129.0;20;0;0.2
2130.0;20;0;0.3
2131.0;20;0;0.2
2132.0;20;0;0.2
2133.0;20;0;0.2
2134.0;20;0;0.2
2135.0;20;0;0.2
2136.0;20;0;0.2
2137.0;20;0;0.3
2138.0;20;0;0.3
2139.0;20;0;0.4
2140.0;20;0;0.3
2141.0;20;0;0.3
2142.0;20;0;0.4
2143.0;20;0;0.4
2144.0;20;0;0.4
2145.0;20;0;0.3
2146.0;20;0;0.3
2147.0;20;0;0.2
2148.0;20;0;0.2
2149.0;20;0;0.1
2150.0;20;0;0.1
2151.0;20;0;0.1
2152.0;20;0;0.0
2153.0;20;0;0.0
2154.0;20;0;0.0
2155.0;20;0;0.0
2156.0;20;0;0.1
2157.0;20;0;0.1
2158.0;20;0;0.1
2159.0;20;0;0.3
2160.0;20;0;0.4
2161.0;20;0;0.4
2162.0;20;0;0.4
2163.0;20;0;0.4
2164.0;20;0;0.4
2165.0;20;0;0.4
2166.0;20;0;0.3
2167.0;20;0;0.3
2168.0;20;0;0.4
2169.0;20;0;0.3
2170.0;20;0;0.3
2171.0;20;0;0.3
2172.0;20;0;0.3
2173.0;20;0;0.3
2174.0;20;0;0.3
2175.0;20;0;0.3
2176.0;20;0;0.5
2177.0;20;0;0.6
2178.0;20;0;0.5
2179.0;20;0;0.5
2180.0;20;0;0.5
2181.0;20;0;0.5
2182.0;20;0;0.6
2183.0;20;0;0.6
2184.0;20;0;0.7
2185.0;20;0;0.7
2186.0;20;0;0.5
2187.0;20;0;0.5
2188.0;20;0;0.5
2189.0;20;0;0.5
2190.0;20;0;0.4
2191.0;20;0;0.5
2192.0;20;0;0.4
2193.0;20;0;0.5
2194.0;20;0;0.4
2195.0;20;0;0.4
2196.0;20;0;0.4
2197.0;20;0;0.4
2198.0;20;0;0.4
2199.0;20;0;0.3
2200.0;20;0;0.3
2201.0;20;0;0.2
2202.0;20;0;0.2
2203.0;20;0;0.1
2204.0;20;0;0.1
2205.0;20;0;0.1
2206.0;20;0;0.1
2207.0;20;0;0.1
2208.0;20;0;0.2
2209.0;20;0;0.2
2210.0;20;0;0.2
2211.0;20;0;0.2
2212.0;20;0;0.2
2213.0;20;0;0.2
2214.0;20;0;0.2
2215.0;20;0;0.2
2216.0;20;0;0.3
2217.0;20;0;0.2
2218.0;20;0;0.1
2219.0;20;0;0.1
2220.0;20;0;0.1
2221.0;20;0;0.2
2222.0;20;0;0.2
2223.0;20;0;0.2
2224.0;20;0;0.3
2225.0;20;0;0.3
2226.0;20;0;0.2
2227.0;20;0;0.2
2228.0;20;0;0.3
2229.0;20;0;0.3
2230.0;20;0;0.3
2231.0;20;0;0.3
2232.0;20;0;0.4
2233.0;20;0;0.5
2234.0;20;0;0.4
2235.0;20;0;0.4
2236.0;20;0;0.5
2237.0;20;0;0.5
2238.0;20;0;0.4
2239.0;20;0;0.4
2240.0;20;0;0.5
2241.0;20;0;0.4
2242.0;20;0;0.3
2243.0;20;0;0.2
2244.0;20;0;0.3
2245.0;20;0;0.3
2246.0;20;0;0.3
2247.0;20;0;0.5
2248.0;20;0;0.5
2249.0;20;0;0.5
2250.0;20;0;0.4
2251.0;20;0;0.5
2252.0;20;0;0.5
2253.0;20;0;0.6
2254.0;20;0;0.5
2255.0;20;0;0.5
2256.0;20;0;0.4
2257.0;20;0;0.2
2258.0;20;0;0.2
2259.0;20;0;0.2
2260.0;20;0;0.2
2261.0;20;0;0.2
2262.0;20;0;0.3
2263.0;20;0;0.3
2264.0;20;0;0.3
2265.0;20;0;0.4
2266.0;20;0;0.4
2267.0;20;0;0.6
2268.0;20;0;0.7
2269.0;20;0;0.8
2270.0;20;0;0.9
2271.0;20;0;1.0
2272.0;20;0;1.0
2273.0;20;0;1.0
2274.0;20;0;1.0
2275.0;20;0;0.9
2276.0;20;0;0.9
2277.0;20;0;0.7
2278.0;20;0;0.6
2279.0;20;0;0.6
2280.0;20;0;0.5
2281.0;20;0;0.3
2282.0;20;0;0.2
2283.0;20;0;0.1
2284.0;20;0;0.1
2285.0;20;0;0.1
2286.0;20;0;0.1
2287.0;20;0;0.1
2288.0;20;0;0.2
2289.0;20;0;0.1
2290.0;20;0;0.1
2291.0;20;0;0.1
2292.0;20;0;0.1
2293.0;20;0;0.2
2294.0;20;0;0.2
2295.0;20;0;0.3
2296.0;20;0;0.4
2297.0;20;0;0.5
2298.0;20;0;0.4
2299.0;20;0;0.4
2300.0;20;0;0.4
2301.0;20;0;0.4
2302.0;20;0;0.5
2303.0;20;0;0.4
2304.0;20;0;0.5
2305.0;20;0;0.4
2306.0;20;0;0.3
2307.0;20;0;0.2
2308.0;20;0;0.2
2309.0;20;0;0.2
2310.0;20;0;0.2
2311.0;20;0;0.2
2312.0;20;0;0.1
2313.0;20;0;0.1
2314.0;20;0;0.0
2315.0;20;0;0.1
2316.0;20;0;0.2
2317.0;20;0;0.4
2318.0;20;0;0.4
2319.0;20;0;0.4
2320.0;20;0;0.4
2321.0;20;0;0.4
2322.0;20;0;0.4
2323.0;20;0;0.5
2324.0;20;0;0.6
2325.0;20;0;0.6
2326.0;20;0;0.5
2327.0;20;0;0.3
2328.0;20;0;0.3
2329.0;20;0;0.3
2330.0;20;0;0.3
2331.0;20;0;0.3
2332.0;20;0;0.3
2333.0;20;0;0.3
2334.0;20;0;0.2
2335.0;20;0;0.1
2336.0;20;0;0.1
2337.0;20;0;0.1
2338.0;20;0;0.1
2339.0;20;0;0.1
2340.0;20;0;0.1
2341.0;20;0;0.1
2342.0;20;0;0.1
2343.0;20;0;0.0
2344.0;20;0;0.1
2345.0;20;0;0.1
2346.0;20;0;0.2
2347.0;20;0;0.2
2348.0;20;0;0.2
2349.0;20;0;0.2
2350.0;20;0;0.2
2351.0;20;0;0.2
2352.0;20;0;0.2
2353.0;20;0;0.2
2354.0;20;0;0.1
2355.0;20;0;0.1
2356.0;20;0;0.0
2357.0;20;0;0.1
2358.0;20;0;0.1
2359.0;20;0;0.1
2360.0;20;0;0.1
2361.0;20;0;0.2
2362.0;20;0;0.2
2363.0;20;0;0.3
2364.0;20;0;0.3
2365.0;20;0;0.3
2366.0;20;0;0.3
2367.0;20;0;0.2
2368.0;20;0;0.2
2369.0;20;0;0.2
2370.0;20;0;0.2
2371.0;20;0;0.1
2372.0;20;0;0.1
2373.0;20;0;0.1
2374.0;20;0;0.2
2375.0;20;0;0.2
2376.0;20;0;0.3
2377.0;20;0;0.3
2378.0;20;0;0.4
2379.0;20;0;0.5
2380.0;20;0;0.5
2381.0;20;0;0.5
2382.0;20;0;0.6
2383.0;20;0;0.5
2384.0;20;0;0.4
2385.0;20;0;0.4
2386.0;20;0;0.3
2387.0;20;0;0.3
2388.0;20;0;0.2
2389.0;20;0;0.2
2390.0;20;0;0.2
2391.0;20;0;0.2
2392.0;20;0;0.1
2393.0;20;0;0.2
2394.0;20;0;0.2
2395.0;20;0;0.2
2396.0;20;0;0.3
2397.0;20;0;0.6
2398.0;20;0;0.6
2399.0;20;0;0.5
2400.0;20;0;0.5
2401.0;20;0;0.5
2402.0;20;0;0.5
2403.0;20;0;0.4
2404.0;20;0;0.4
2405.0;20;0;0.4
2406.0;20;0;0.3
2407.0;20;0;0.0
2408.0;20;0;0.0
2409.0;20;0;0.0
2410.0;20;0;0.0
2411.0;20;0;0.0
2412.0;20;0;0.0
2413.0;20;0;0.1
2414.0;20;0;0.2
2415.0;20;0;0.2
2416.0;20;0;0.3
2417.0;20;0;0.4
2418.0;20;0;0.4
2419.0;20;0;0.4
2420.0;20;0;0.4
2421.0;20;0;0.5
2422.0;20;0;0.5
2423.0;20;0;0.4
2424.0;20;0;0.4
2425.0;20;0;0.4
2426.0;20;0;0.4
2427.0;20;0;0.4
2428.0;20;0;0.4
2429.0;20;0;0.5
2430.0;20;0;0.7
2431.0;20;0;0.6
2432.0;20;0;0.7
2433.0;20;0;0.7
2434.0;20;0;0.6
2435.0;20;0;0.8
2436.0;20;0;0.7
2437.0;20;0;0.6
2438.0;20;0;0.6
2439.0;20;0;0.5
2440.0;20;0;0.3
2441.0;20;0;0.3
2442.0;20;0;0.3
2443.0;20;0;0.3
2444.0;20;0;0.4
2445.0;20;0;0.2
2446.0;20;0;0.2
2447.0;20;0;0.3
2448.0;20;0;0.3
2449.0;20;0;0.3
2450.0;20;0;0.3
2451.0;20;0;0.3
2452.0;20;0;0.2
2453.0;20;0;0.2
2454.0;20;0;0.1
2455.0;20;0;0.2
2456.0;20;0;0.2
2457.0;20;0;0.1
2458.0;20;0;0.2
2459.0;20;0;0.2
2460.0;20;0;0.2
2461.0;20;0;0.2
2462.0;20;0;0.2
2463.0;20;0;0.2
2464.0;20;0;0.2
2465.0;20;0;0.1
2466.0;20;0;0.1
2467.0;20;0;0.1
2468.0;20;0;0.0
2469.0;20;0;0.0
2470.0;20;0;0.0
2471.0;20;0;0.0
2472.0;20;0;0.3
2473.0;20;0;0.5
2474.0;20;0;0.5
2475.0;20;0;0.5
2476.0;20;0;0.5
2477.0;20;0;0.5
2478.0;20;0;0.5
2479.0;20;0;0.6
2480.0;20;0;0.6
2481.0;20;0;0.6
2482.0;20;0;0.3
2483.0;20;0;0.3
2484.0;20;0;0.3
2485.0;20;0;0.5
2486.0;20;0;0.5
2487.0;20;0;0.5
2488.0;20;0;0.5
2489.0;20;0;0.4
2490.0;20;0;0.4
2491.0;20;0;0.5
2492.0;20;0;0.5
2493.0;20;0;0.3
2494.0;20;0;0.4
2495.0;20;0;0.3
2496.0;20;0;0.4
2497.0;20;0;0.4
2498.0;20;0;0.4
2499.0;20;0;0.6
2500.0;20;0;0.6
2501.0;20;0;0.5
2502.0;20;0;0.5
2503.0;20;0;0.5
2504.0;20;0;0.4
2505.0;20;0;0.3
2506.0;20;0;0.2
2507.0;20;0;0.2
2508.0;20;0;0.2
2509.0;20;0;0.0
2510.0;20;0;0.2
2511.0;20;0;0.3
2512.0;20;0;0.3
2513.0;20;0;0.3
2514.0;20;0;0.4
2515.0;20;0;0.4
2516.0;20;0;0.5
2517.0;20;0;0.5
2518.0;20;0;0.5
2519.0;20;0;0.5
2520.0;20;0;0.3
2521.0;20;0;0.3
2522.0;20;0;0.3
2523.0;20;0;0.3
2524.0;20;0;0.2
2525.0;20;0;0.2
2526.0;20;0;0.1
2527.0;20;0;0.1
2528.0;20;0;0.1
2529.0;20;0;0.1
2530.0;20;0;0.1
2531.0;20;0;0.1
2532.0;20;0;0.2
2533.0;20;0;0.3
2534.0;20;0;0.3
2535.0;20;0;0.3
2536.0;20;0;0.4
2537.0;20;0;0.4
2538.0;20;0;0.4
2539.0;20;0;0.4
2540.0;20;0;0.4
2541.0;20;0;0.4
2542.0;20;0;0.3
2543.0;20;0;0.4
2544.0;20;0;0.4
2545.0;20;0;0.4
2546.0;20;0;0.3
2547.0;20;0;0.3
2548.0;20;0;0.3
2549.0;20;0;0.5
2550.0;20;0;0.8
2551.0;20;0;0.7
2552.0;20;0;0.7
2553.0;20;0;0.5
2554.0;20;0;0.5
2555.0;20;0;0.6
2556.0;20;0;0.6
2557.0;20;0;0.6
2558.0;20;0;0.6
2559.0;20;0;0.4
2560.0;20;0;0.1
2561.0;20;0;0.1
2562.0;20;0;0.1
2563.0;20;0;0.1
2564.0;20;0;0.1
2565.0;20;0;0.0
2566.0;20;0;0.0
2567.0;20;0;0.1
2568.0;20;0;0.2
2569.0;20;0;0.3
2570.0;20;0;0.4
2571.0;20;0;0.4
2572.0;20;0;0.4
2573.0;20;0;0.4
2574.0;20;0;0.4
2575.0;20;0;0.5
2576.0;20;0;0.6
2577.0;20;0;0.6
2578.0;20;0;0.5
2579.0;20;0;0.4
2580.0;20;0;0.4
2581.0;20;0;0.5
2582.0;20;0;0.5
2583.0;20;0;0.5
2584.0;20;0;0.6
2585.0;20;0;0.5
2586.0;20;0;0.4
2587.0;20;0;0.3
2588.0;20;0;0.3
2589.0;20;0;0.3
2590.0;20;0;0.2
2591.0;20;0;0.1
2592.0;20;0;0.1
2593.0;20;0;0.1
2594.0;20;0;0.1
2595.0;20;0;0.1
2596.0;20;0;0.1
2597.0;20;0;0.1
2598.0;20;0;0.1
2599.0;20;0;0.2
2600.0;20;0;0.2
2601.0;20;0;0.2
2602.0;20;0;0.2
2603.0;20;0;0.2
2604.0;20;0;0.1
2605.0;20;0;0.1
2606.0;20;0;0.2
2607.0;20;0;0.2
2608.0;20;0;0.2
2609.0;20;0;0.1
2610.0;20;0;0.1
2611.0;20;0;0.1
2612.0;20;0;0.2
2613.0;20;0;0.3
2614.0;20;0;0.4
2615.0;20;0;0.4
2616.0;20;0;0.3
2617.0;20;0;0.4
2618.0;20;0;0.4
2619.0;20;0;0.5
2620.0;20;0;0.5
2621.0;20;0;0.6
2622.0;20;0;0.5
2623.0;20;0;0.4
2624.0;20;0;0.3
2625.0;20;0;0.4
2626.0;20;0;0.4
2627.0;20;0;0.5
2628.0;20;0;0.6
2629.0;20;0;0.6
2630.0;20;0;0.6
2631.0;20;0;0.5
2632.0;20;0;0.5
2633.0;20;0;0.5
2634.0;20;0;0.5
2635.0;20;0;0.5
2636.0;20;0;0.6
2637.0;20;0;0.4
2638.0;20;0;0.4
2639.0;20;0;0.3
2640.0;20;0;0.3
2641.0;20;0;0.3
2642.0;20;0;0.3
2643.0;20;0;0.3
2644.0;20;0;0.3
2645.0;21;1;0.3
2646.0;21;1;0.2
2647.0;21;1;0.2
2648.0;21;1;0.1
2649.0;21;1;0.1
2650.0;21;1;0.1
2651.0;21;1;0.1
2652.0;21;1;0.1
2653.0;21;1;0.1
2654.0;21;1;0.1
2655.0;21;1;0.0
2656.0;21;1;0.0
2657.0;21;1;0.0
2658.0;21;1;0.0
2659.0;21;1;0.0
2660.0;21;1;0.0
2661.0;21;1;0.1
2662.0;21;1;0.1
2663.0;21;1;0.1
2664.0;21;1;0.2
2665.0;21;1;0.2
2666.0;21;1;0.3
2667.0;21;1;0.3
2668.0;21;1;0.3
2669.0;21;1;0.3
2670.0;21;1;0.3
2671.0;21;1;0.2
2672.0;21;1;0.2
2673.0;21;1;0.2
2674.0;21;1;0.1
2675.0;21;1;0.1
2676.0;21;1;0.0
2677.0;21;1;0.1
2678.0;21;1;0.1
2679.0;21;0;0.1
2680.0;21;0;0.1
2681.0;21;0;0.2
2682.0;21;0;0.2
2683.0;21;0;0.2
2684.0;21;0;0.2
2685.0;21;0;0.2
2686.0;21;0;0.2
2687.0;21;0;0.1
2688.0;21;0;0.2
2689.0;21;0;0.2
2690.0;21;0;0.2
2691.0;21;0;0.1
2692.0;21;0;0.1
2693.0;21;0;0.1
2694.0;21;0;0.1
2695.0;21;0;0.2
2696.0;21;0;0.2
2697.0;21;0;0.2
2698.0;21;0;0.1
2699.0;21;0;0.1
2700.0;21;0;0.1
2701.0;21;0;0.1
2702.0;21;0;0.1
2703.0;21;0;0.1
2704.0;21;0;0.1
2705.0;21;0;0.0
2706.0;21;0;0.0
2707.0;21;0;0.0
2708.0;21;0;0.0
2709.0;21;0;0.0
2710.0;21;0;0.0
2711.0;21;0;0.0
2712.0;21;0;0.0
2713.0;21;0;0.1
2714.0;21;0;0.2
2715.0;21;0;0.2
2716.0;21;0;0.2
2717.0;21;0;0.2
2718.0;21;0;0.2
2719.0;21;0;0.2
2720.0;21;0;0.2
2721.0;21;0;0.2
2722.0;21;0;0.2
2723.0;21;0;0.1
2724.0;21;0;0.0
2725.0;21;0;0.0
2726.0;21;0;0.0
2727.0;21;0;0.0
2728.0;21;0;0.0
2729.0;21;0;0.0
2730.0;21;0;0.0
2731.0;21;0;0.1
2732.0;21;0;0.1
2733.0;21;0;0.1
2734.0;21;0;0.1
2735.0;21;0;0.1
2736.0;21;0;0.1
2737.0;21;0;0.1
2738.0;21;0;0.1
2739.0;21;0;0.1
2740.0;21;0;0.2
2741.0;21;0;0.1
2742.0;21;0;0.1
2743.0;21;0;0.1
2744.0;21;0;0.1
2745.0;21;0;0.1
2746.0;21;0;0.2
2747.0;21;0;0.2
2748.0;21;0;0.2
2749.0;21;0;0.2
2750.0;21;0;0.1
2751.0;21;0;0.1
2752.0;21;0;0.1
2753.0;21;0;0.1
2754.0;21;0;0.2
2755.0;21;0;0.2
2756.0;21;0;0.1
2757.0;21;0;0.1
2758.0;21;0;0.1
2759.0;21;0;0.1
2760.0;21;0;0.1
2761.0;21;0;0.2
2762.0;21;0;0.2
2763.0;21;0;0.2
2764.0;21;0;0.1
2765.0;21;0;0.2
2766.0;21;0;0.2
2767.0;21;0;0.2
2768.0;21;0;0.2
2769.0;21;0;0.2
2770.0;21;0;0.2
2771.0;21;0;0.1
2772.0;21;0;0.2
2773.0;21;0;0.2
2774.0;21;0;0.2
2775.0;21;0;0.1
2776.0;21;0;0.1
2777.0;21;0;0.1
2778.0;21;0;0.1
2779.0;21;0;0.1
2780.0;21;0;0.1
2781.0;21;0;0.1
2782.0;21;0;0.0
2783.0;21;0;0.0
2784.0;21;0;0.0
2785.0;21;0;0.0
2786.0;21;0;0.0
2787.0;21;0;0.0
2788.0;21;0;0.0
2789.0;21;0;0.0
2790.0;21;0;0.0
2791.0;21;0;0.0
2792.0;21;0;0.0
2793.0;21;0;0.0
2794.0;21;0;0.0
2795.0;21;0;0.0
2796.0;21;0;0.0
2797.0;21;0;0.0
2798.0;21;0;0.1
2799.0;21;0;0.1
2800.0;21;0;0.2
2801.0;21;0;0.2
2802.0;21;0;0.2
2803.0;21;0;0.2
2804.0;21;0;0.2
2805.0;21;0;0.2
2806.0;21;0;0.3
2807.0;21;0;0.4
2808.0;21;0;0.3
2809.0;21;0;0.3
2810.0;21;0;0.2
2811.0;21;0;0.2
2812.0;21;0;0.2
2813.0;21;0;0.2
2814.0;21;0;0.2
2815.0;21;0;0.2
2816.0;21;0;0.1
2817.0;21;0;0.0
2818.0;21;0;0.0
2819.0;21;0;0.0
2820.0;21;0;0.0
2821.0;21;0;0.0
2822.0;21;0;0.0
2823.0;21;0;0.1
2824.0;21;0;0.1
2825.0;21;0;0.1
2826.0;21;0;0.1
2827.0;21;0;0.1
2828.0;21;0;0.1
2829.0;21;0;0.1
2830.0;21;0;0.1
2831.0;21;0;0.1
2832.0;21;0;0.1
2833.0;21;0;0.0
2834.0;21;0;0.0
2835.0;21;0;0.0
2836.0;21;0;0.1
2837.0;21;0;0.1
2838.0;21;0;0.2
2839.0;21;0;0.2
2840.0;21;0;0.2
2841.0;21;0;0.2
2842.0;21;0;0.2
2843.0;21;0;0.2
2844.0;21;0;0.2
2845.0;21;0;0.2
2846.0;21;0;0.1
2847.0;21;0;0.2
2848.0;21;0;0.1
2849.0;21;0;0.1
2850.0;21;0;0.1
2851.0;21;0;0.2
2852.0;21;0;0.2
2853.0;21;0;0.2
2854.0;21;0;0.2
2855.0;21;0;0.2
2856.0;21;0;0.3
2857.0;21;0;0.2
2858.0;21;0;0.2
2859.0;21;0;0.2
2860.0;21;0;0.2
2861.0;21;0;0.1
2862.0;21;0;0.1
2863.0;21;0;0.1
2864.0;21;0;0.1
2865.0;21;0;0.1
2866.0;21;0;0.0
2867.0;21;0;0.0
2868.0;21;0;0.1
2869.0;21;0;0.2
2870.0;21;0;0.2
2871.0;21;0;0.3
2872.0;21;0;0.3
2873.0;21;0;0.3
2874.0;21;0;0.3
2875.0;21;0;0.3
2876.0;21;0;0.3
2877.0;21;0;0.3
2878.0;21;0;0.2
2879.0;21;0;0.1
2880.0;21;0;0.2
2881.0;21;0;0.1
2882.0;21;0;0.1
2883.0;21;0;0.1
2884.0;21;0;0.2
2885.0;21;0;0.2
2886.0;21;0;0.4
2887.0;21;0;0.4
2888.0;21;0;0.4
2889.0;21;0;0.4
2890.0;21;0;0.3
2891.0;21;0;0.4
2892.0;21;0;0.4
2893.0;21;0;0.4
2894.0;21;0;0.3
2895.0;21;0;0.4
2896.0;21;0;0.4
2897.0;21;0;0.4
2898.0;21;0;0.4
2899.0;21;0;0.4
2900.0;21;0;0.4
2901.0;21;0;0.3
2902.0;21;0;0.3
2903.0;21;0;0.3
2904.0;21;0;0.3
2905.0;21;0;0.3
2906.0;21;0;0.1
2907.0;21;0;0.1
2908.0;21;0;0.1
2909.0;21;0;0.2
2910.0;21;0;0.2
2911.0;21;0;0.2
2912.0;21;0;0.2
2913.0;21;0;0.2
2914.0;21;0;0.2
2915.0;21;0;0.1
2916.0;21;0;0.1
2917.0;21;0;0.1
2918.0;21;0;0.1
2919.0;21;0;0.0
2920.0;21;0;0.0
2921.0;21;0;0.1
2922.0;21;0;0.1
2923.0;21;0;0.1
2924.0;21;0;0.1
2925.0;21;0;0.1
2926.0;21;0;0.1
2927.0;21;0;0.1
2928.0;21;0;0.1
2929.0;21;0;0.1
2930.0;21;0;0.1
2931.0;21;0;0.0
2932.0;21;0;0.0
2933.0;21;0;0.0
2934.0;21;0;0.0
2935.0;21;0;0.0
2936.0;21;0;0.0
2937.0;21;0;0.0
2938.0;21;0;0.0
2939.0;21;0;0.2
2940.0;21;0;0.3
2941.0;21;0;0.3
2942.0;21;0;0.3
2943.0;21;0;0.3
2944.0;21;0;0.3
2945.0;22;1;0.4
2946.0;22;1;0.4
2947.0;22;1;0.4
2948.0;22;1;0.4
2949.0;22;1;0.2
2950.0;22;1;0.1
2951.0;22;1;0.1
2952.0;22;1;0.1
2953.0;22;1;0.1
2954.0;22;1;0.1
2955.0;22;1;0.0
2956.0;22;1;0.0
2957.0;22;1;0.0
2958.0;22;1;0.0
2959.0;22;1;0.0
2960.0;22;0;0.0
2961.0;22;0;0.0
2962.0;22;0;0.0
2963.0;22;0;0.0
2964.0;22;0;0.0
2965.0;22;0;0.0
2966.0;22;0;0.0
2967.0;22;0;0.0
2968.0;22;0;0.0
2969.0;22;0;0.0
2970.0;22;0;0.0
2971.0;22;0;0.0
2972.0;22;0;0.0
2973.0;22;0;0.0
2974.0;22;0;0.0
2975.0;22;0;0.0
2976.0;22;0;0.0
2977.0;22;0;0.0
2978.0;22;0;0.0
2979.0;22;0;0.0
2980.0;22;0;0.0
2981.0;22;0;0.0
2982.0;22;0;0.0
2983.0;22;0;0.0
2984.0;22;0;0.0
2985.0;22;0;0.0
2986.0;22;0;0.0
2987.0;22;0;0.0
2988.0;22;0;0.0
2989.0;22;0;0.0
2990.0;22;0;0.0
2991.0;22;0;0.0
2992.0;22;0;0.0
2993.0;22;0;0.0
2994.0;22;0;0.0
2995.0;22;0;0.0
2996.0;22;0;0.0
2997.0;22;0;0.0
2998.0;22;0;0.0
2999.0;22;0;0.0
3000.0;22;0;0.0
3001.0;22;0;0.0
3002.0;22;0;0.0
3003.0;22;0;0.0
3004.0;22;0;0.0
3005.0;22;0;0.0
3006.0;22;0;0.0
3007.0;22;0;0.0
3008.0;22;0;0.0
3009.0;22;0;0.0
3010.0;22;0;0.0
3011.0;22;0;0.0
3012.0;22;0;0.0
3013.0;22;0;0.0
3014.0;22;0;0.0
3015.0;22;0;0.0
3016.0;22;0;0.0
3017.0;22;0;0.0
3018.0;22;0;0.0
3019.0;22;0;0.0
3020.0;22;0;0.0
3021.0;22;0;0.0
3022.0;22;0;0.0
3023.0;22;0;0.0
3024.0;22;0;0.0
3025.0;22;0;0.0
3026.0;22;0;0.0
3027.0;22;0;0.0
3028.0;22;0;0.0
3029.0;22;0;0.0
3030.0;22;0;0.0
3031.0;22;0;0.0
3032.0;22;0;0.0
3033.0;22;0;0.0
3034.0;22;0;0.0
3035.0;22;0;0.0
3036.0;22;0;0.0
3037.0;22;0;0.0
3038.0;22;0;0.0
3039.0;22;0;0.0
3040.0;22;0;0.0
3041.0;22;0;0.0
3042.0;22;0;0.0
3043.0;22;0;0.0
3044.0;22;0;0.0
3045.0;22;0;0.0
3046.0;22;0;0.0
3047.0;22;0;0.0
3048.0;22;0;0.0
3049.0;22;0;0.0
3050.0;22;0;0.0
3051.0;22;0;0.0
3052.0;22;0;0.0
3053.0;22;0;0.0
3054.0;22;0;0.0
3055.0;22;0;0.0
3056.0;22;0;0.0
3057.0;22;0;0.0
3058.0;22;0;0.0
3059.0;22;0;0.0
3060.0;22;0;0.0
3061.0;22;0;0.0
3062.0;22;0;0.0
3063.0;22;0;0.0
3064.0;22;0;0.0
3065.0;22;0;0.0
3066.0;22;0;0.0
3067.0;22;0;0.0
3068.0;22;0;0.0
3069.0;22;0;0.0
3070.0;22;0;0.0
3071.0;22;0;0.0
3072.0;22;0;0.0
3073.0;22;0;0.0
3074.0;22;0;0.0
3075.0;22;0;0.0
3076.0;22;0;0.0
3077.0;22;0;0.0
3078.0;22;0;0.0
3079.0;22;0;0.0
3080.0;22;0;0.0
3081.0;22;0;0.0
3082.0;22;0;0.0
3083.0;22;0;0.0
3084.0;22;0;0.0
3085.0;22;0;0.0
3086.0;22;0;0.0
3087.0;22;0;0.0
3088.0;22;0;0.0
3089.0;22;0;0.0
3090.0;22;0;0.0
3091.0;22;0;0.0
3092.0;22;0;0.0
3093.0;22;0;0.0
3094.0;22;0;0.0
3095.0;22;0;0.0
3096.0;22;0;0.0
3097.0;22;0;0.0
3098.0;22;0;0.0
3099.0;22;0;0.0
3100.0;22;0;0.0
3101.0;22;0;0.0
3102.0;22;0;0.0
3103.0;22;0;0.0
3104.0;22;0;0.0
3105.0;22;0;0.0
3106.0;22;0;0.0
3107.0;22;0;0.0
3108.0;22;0;0.0
3109.0;22;0;0.0
3110.0;22;0;0.0
3111.0;22;0;0.0
3112.0;22;0;0.0
3113.0;22;0;0.0
3114.0;22;0;0.0
3115.0;22;0;0.0
3116.0;22;0;0.0
3117.0;22;0;0.0
3118.0;22;0;0.0
3119.0;22;0;0.0
3120.0;22;0;0.0
3121.0;22;0;0.0
3122.0;22;0;0.0
3123.0;22;0;0.0
3124.0;22;0;0.0
3125.0;22;0;0.0
3126.0;22;0;0.0
3127.0;22;0;0.0
3128.0;22;0;0.0
3129.0;22;0;0.0
3130.0;22;0;0.0
3131.0;22;0;0.0
3132.0;22;0;0.0
3133.0;22;0;0.0
3134.0;22;0;0.0
3135.0;22;0;0.0
3136.0;22;0;0.0
3137.0;22;0;0.0
3138.0;22;0;0.0
3139.0;22;0;0.0
3140.0;22;0;0.0
3141.0;22;0;0.0
3142.0;22;0;0.0
3143.0;22;0;0.0
3144.0;22;0;0.0
3145.0;22;0;0.0
3146.0;22;0;0.0
3147.0;22;0;0.0
3148.0;22;0;0.0
3149.0;22;0;0.0
3150.0;22;0;0.0
3151.0;22;0;0.0
3152.0;22;0;0.0
3153.0;22;0;0.0
3154.0;22;0;0.0
3155.0;22;0;0.0
3156.0;22;0;0.0
3157.0;22;0;0.0
3158.0;22;0;0.0
3159.0;22;0;0.0
3160.0;22;0;0.0
3161.0;22;0;0.0
3162.0;22;0;0.0
3163.0;22;0;0.0
3164.0;22;0;0.0
3165.0;22;0;0.0
3166.0;22;0;0.0
3167.0;22;0;0.0
3168.0;22;0;0.0
3169.0;22;0;0.0
3170.0;22;0;0.0
3171.0;22;0;0.0
3172.0;22;0;0.0
3173.0;22;0;0.0
3174.0;22;0;0.0
3175.0;22;0;0.0
3176.0;22;0;0.0
3177.0;22;0;0.0
3178.0;22;0;0.0
3179.0;22;0;0.0
3180.0;22;0;0.0
3181.0;22;0;0.0
3182.0;22;0;0.0
3183.0;22;0;0.0
3184.0;22;0;0.0
3185.0;22;0;0.0
3186.0;22;0;0.0
3187.0;22;0;0.0
3188.0;22;0;0.0
3189.0;22;0;0.0
3190.0;22;0;0.0
3191.0;22;0;0.0
3192.0;22;0;0.0
3193.0;22;0;0.0
3194.0;22;0;0.0
3195.0;22;0;0.0
3196.0;22;0;0.0
3197.0;22;0;0.0
3198.0;22;0;0.0
3199.0;22;0;0.0
3200.0;22;0;0.0
3201.0;22;0;0.0
3202.0;22;0;0.0
3203.0;22;0;0.0
3204.0;22;0;0.0
3205.0;22;0;0.0
3206.0;22;0;0.0
3207.0;22;0;0.0
3208.0;22;0;0.0
3209.0;22;0;0.0
3210.0;22;0;0.0
3211.0;22;0;0.0
3212.0;22;0;0.0
3213.0;22;0;0.0
3214.0;22;0;0.0
3215.0;22;0;0.0
3216.0;22;0;0.0
3217.0;22;0;0.0
3218.0;22;0;0.0
3219.0;22;0;0.0
3220.0;22;0;0.0
3221.0;22;0;0.0
3222.0;22;0;0.0
3223.0;22;0;0.0
3224.0;22;0;0.0
3225.0;22;0;0.0
3226.0;22;0;0.0
3227.0;22;0;0.0
3228.0;22;0;0.0
3229.0;22;0;0.0
3230.0;22;0;0.0
3231.0;22;0;0.0
3232.0;22;0;0.0
3233.0;22;0;0.0
3234.0;22;0;0.0
3235.0;22;0;0.0
3236.0;22;0;0.0
3237.0;22;0;0.0
3238.0;22;0;0.0
3239.0;22;0;0.0
3240.0;22;0;0.0
3241.0;22;0;0.0
3242.0;22;0;0.0
3243.0;22;0;0.0
3244.0;22;0;0.0
3245.0;22;0;0.0
3246.0;22;0;0.0
3247.0;22;0;0.0
3248.0;22;0;0.0
3249.0;22;0;0.0
3250.0;22;0;0.0
3251.0;22;0;0.0
3252.0;22;0;0.0
3253.0;22;0;0.0
3254.0;22;0;0.0
3255.0;22;0;0.0
3256.0;22;0;0.0
3257.0;22;0;0.0
3258.0;22;0;0.0
3259.0;22;0;0.0
3260.0;22;0;0.0
3261.0;22;0;0.0
3262.0;22;0;0.0
3263.0;22;0;0.0
3264.0;22;0;0.0
3265.0;22;0;0.0
3266.0;22;0;0.0
3267.0;22;0;0.0
3268.0;22;0;0.0
3269.0;22;0;0.0
3270.0;22;0;0.0
3271.0;22;0;0.0
3272.0;22;0;0.0
3273.0;22;0;0.0
3274.0;22;0;0.0
3275.0;22;0;0.0
3276.0;22;0;0.0
3277.0;22;0;0.0
3278.0;22;0;0.0
3279.0;22;0;0.0
3280.0;22;0;0.0
3281.0;22;0;0.0
3282.0;22;0;0.0
3283.0;22;0;0.0
3284.0;22;0;0.0
3285.0;22;0;0.0
3286.0;22;0;0.0
3287.0;22;0;0.0
3288.0;22;0;0.0
3289.0;22;0;0.0
3290.0;22;0;0.0
3291.0;22;0;0.0
3292.0;22;0;0.0
3293.0;22;0;0.0
3294.0;22;0;0.0
3295.0;22;0;0.0
3296.0;22;0;0.0
3297.0;22;0;0.0
3298.0;22;0;0.0
3299.0;22;0;0.0
3300.0;22;0;0.0
3301.0;22;0;0.0
3302.0;22;0;0.0
3303.0;22;0;0.0
3304.0;22;0;0.0
3305.0;22;0;0.0
3306.0;22;0;0.0
3307.0;22;0;0.0
3308.0;22;0;0.0
3309.0;22;0;0.0
3310.0;22;0;0.0
3311.0;22;0;0.0
3312.0;22;0;0.0
3313.0;22;0;0.0
3314.0;22;0;0.0
3315.0;22;0;0.0
3316.0;22;0;0.0
3317.0;22;0;0.0
3318.0;22;0;0.0
3319.0;22;0;0.0
3320.0;22;0;0.0
3321.0;22;0;0.0
3322.0;22;0;0.0
3323.0;22;0;0.0
3324.0;22;0;0.0
3325.0;22;0;0.0
3326.0;22;0;0.0
3327.0;22;0;0.0
3328.0;22;0;0.0
3329.0;22;0;0.0
3330.0;22;0;0.0
3331.0;22;0;0.0
3332.0;22;0;0.0
3333.0;22;0;0.0
3334.0;22;0;0.0
3335.0;22;0;0.0
3336.0;22;0;0.0
3337.0;22;0;0.0
3338.0;22;0;0.0
3339.0;22;0;0.0
3340.0;22;0;0.0
3341.0;22;0;0.0
3342.0;22;0;0.0
3343.0;22;0;0.0
3344.0;22;0;0.0
3345.0;22;0;0.0
3346.0;22;0;0.0
3347.0;22;0;0.0
3348.0;22;0;0.0
3349.0;22;0;0.0
3350.0;22;0;0.0
3351.0;22;0;0.0
3352.0;22;0;0.0
3353.0;22;0;0.0
3354.0;22;0;0.0
3355.0;22;0;0.0
3356.0;22;0;0.0
3357.0;22;0;0.0
3358.0;22;0;0.0
3359.0;22;0;0.0
3360.0;22;0;0.0
3361.0;22;0;0.0
3362.0;22;0;0.0
3363.0;22;0;0.0
3364.0;22;0;0.0
3365.0;22;0;0.0
3366.0;22;0;0.0
3367.0;22;0;0.0
3368.0;22;0;0.0
3369.0;22;0;0.0
3370.0;22;0;0.0
3371.0;22;0;0.0
3372.0;22;0;0.0
3373.0;22;0;0.0
3374.0;22;0;0.0
3375.0;22;0;0.0
3376.0;22;0;0.0
3377.0;22;0;0.0
3378.0;22;0;0.0
3379.0;22;0;0.0
3380.0;22;0;0.0
3381.0;22;0;0.0
3382.0;22;0;0.0
3383.0;22;0;0.0
3384.0;22;0;0.0
3385.0;22;0;0.0
3386.0;22;0;0.0
3387.0;22;0;0.0
3388.0;22;0;0.0
3389.0;22;0;0.0
3390.0;22;0;0.0
3391.0;22;0;0.0
3392.0;22;0;0.0
3393.0;22;0;0.0
3394.0;22;0;0.0
3395.0;22;0;0.0
3396.0;22;0;0.0
3397.0;22;0;0.0
3398.0;22;0;0.0
3399.0;22;0;0.0
3400.0;22;0;0.0
3401.0;22;0;0.0
3402.0;22;0;0.0
3403.0;22;0;0.0
3404.0;22;0;0.0
3405.0;22;0;0.0
3406.0;22;0;0.0
3407.0;22;0;0.0
3408.0;22;0;0.0
3409.0;22;0;0.0
3410.0;22;0;0.0
3411.0;22;0;0.0
3412.0;22;0;0.0
3413.0;22;0;0.0
3414.0;22;0;0.0
3415.0;22;0;0.0
3416.0;22;0;0.0
3417.0;22;0;0.0
3418.0;22;0;0.0
3419.0;22;0;0.0
3420.0;22;0;0.0
3421.0;22;0;0.0
3422.0;22;0;0.0
3423.0;22;0;0.0
3424.0;22;0;0.0
3425.0;22;0;0.0
3426.0;22;0;0.0
3427.0;22;0;0.0
3428.0;22;0;0.0
3429.0;22;0;0.0
3430.0;22;0;0.0
3431.0;22;0;0.0
3432.0;22;0;0.0
3433.0;22;0;0.0
3434.0;22;0;0.0
3435.0;22;0;0.0
3436.0;22;0;0.0
3437.0;22;0;0.0
3438.0;22;0;0.0
3439.0;22;0;0.0
3440.0;22;0;0.0
3441.0;22;0;0.0
3442.0;22;0;0.0
3443.0;22;0;0.0
3444.0;22;0;0.0
3445.0;22;0;0.0
3446.0;22;0;0.0
3447.0;22;0;0.0
3448.0;22;0;0.0
3449.0;22;0;0.0
3450.0;22;0;0.0
3451.0;22;0;0.0
3452.0;22;0;0.0
3453.0;22;0;0.0
3454.0;22;0;0.0
3455.0;22;0;0.0
3456.0;22;0;0.0
3457.0;22;0;0.0
3458.0;22;0;0.0
3459.0;22;0;0.0
3460.0;22;0;0.0
3461.0;22;0;0.0
3462.0;22;0;0.0
3463.0;22;0;0.0
3464.0;22;0;0.0
3465.0;22;0;0.0
3466.0;22;0;0.0
3467.0;22;0;0.0
3468.0;22;0;0.0
3469.0;22;0;0.0
3470.0;22;0;0.0
3471.0;22;0;0.0
3472.0;22;0;0.0
3473.0;22;0;0.0
3474.0;22;0;0.0
3475.0;22;0;0.0
3476.0;22;0;0.0
3477.0;22;0;0.0
3478.0;22;0;0.0
3479.0;22;0;0.0
3480.0;22;0;0.0
3481.0;22;0;0.0
3482.0;22;0;0.0
3483.0;22;0;0.0
3484.0;22;0;0.0
3485.0;22;0;0.0
3486.0;22;0;0.0
3487.0;22;0;0.0
3488.0;22;0;0.0
3489.0;22;0;0.0
3490.0;22;0;0.0
3491.0;22;0;0.0
3492.0;22;0;0.0
3493.0;22;0;0.0
3494.0;22;0;0.0
3495.0;22;0;0.0
3496.0;22;0;0.0
3497.0;22;0;0.0
3498.0;22;0;0.0
3499.0;22;0;0.0
3500.0;22;0;0.0
3501.0;22;0;0.0
3502.0;22;0;0.0
3503.0;22;0;0.0
3504.0;22;0;0.0
3505.0;22;0;0.0
3506.0;22;0;0.0
3507.0;22;0;0.0
3508.0;22;0;0.0
3509.0;22;0;0.0
3510.0;22;0;0.0
3511.0;22;0;0.0
3512.0;22;0;0.0
3513.0;22;0;0.0
3514.0;22;0;0.0
3515.0;22;0;0.0
3516.0;22;0;0.0
3517.0;22;0;0.0
3518.0;22;0;0.0
3519.0;22;0;0.0
3520.0;22;0;0.0
3521.0;22;0;0.0
3522.0;22;0;0.0
3523.0;22;0;0.0
3524.0;22;0;0.0
3525.0;22;0;0.0
3526.0;22;0;0.0
3527.0;22;0;0.0
3528.0;22;0;0.0
3529.0;22;0;0.0
3530.0;22;0;0.0
3531.0;22;0;0.0
3532.0;22;0;0.0
3533.0;22;0;0.0
3534.0;22;0;0.0
3535.0;22;0;0.0
3536.0;22;0;0.0
3537.0;22;0;0.0
3538.0;22;0;0.0
3539.0;22;0;0.0
3540.0;22;0;0.0
3541.0;22;0;0.0
3542.0;22;0;0.0
3543.0;22;0;0.0
3544.0;22;0;0.0
3545.0;22;0;0.0
3546.0;22;0;0.0
3547.0;22;0;0.0
3548.0;22;0;0.0
3549.0;22;0;0.0
3550.0;22;0;0.0
3551.0;22;0;0.0
3552.0;22;0;0.0
3553.0;22;0;0.0
3554.0;22;0;0.0
3555.0;22;0;0.0
3556.0;22;0;0.0
3557.0;22;0;0.0
3558.0;22;0;0.0
3559.0;22;0;0.0
3560.0;22;0;0.0
3561.0;22;0;0.0
3562.0;22;0;0.0
3563.0;22;0;0.0
3564.0;22;0;0.0
3565.0;22;0;0.0
3566.0;22;0;0.0
3567.0;22;0;0.0
3568.0;22;0;0.0
3569.0;22;0;0.0
3570.0;22;0;0.0
3571.0;22;0;0.0
3572.0;22;0;0.0
3573.0;22;0;0.0
3574.0;22;0;0.0
3575.0;22;0;0.0
3576.0;22;0;0.0
3577.0;22;0;0.0
3578.0;22;0;0.0
3579.0;22;0;0.0
3580.0;22;0;0.0
3581.0;22;0;0.0
3582.0;22;0;0.0
3583.0;22;0;0.0
3584.0;22;0;0.0
3585.0;22;0;0.0
3586.0;22;0;0.0
3587.0;22;0;0.0
3588.0;22;0;0.0
3589.0;22;0;0.0
3590.0;22;0;0.0
3591.0;22;0;0.0
3592.0;22;0;0.0
3593.0;22;0;0.0
3594.0;22;0;0.0
3595.0;22;0;0.0
3596.0;22;0;0.0
3597.0;22;0;0.0
3598.0;22;0;0.0
3599.0;22;0;0.0
3600.0;22;0;0.0
3601.0;22;0;0.0
3602.0;22;0;0.0
3603.0;22;0;0.0
3604.0;22;0;0.0
3605.0;22;0;0.0
3606.0;22;0;0.0
3607.0;22;0;0.0
3608.0;22;0;0.0
3609.0;22;0;0.0
3610.0;22;0;0.0
3611.0;22;0;0.0
3612.0;22;0;0.0
3613.0;22;0;0.0
3614.0;22;0;0.0
3615.0;22;0;0.0
3616.0;22;0;0.0
3617.0;22;0;0.0
3618.0;22;0;0.0
3619.0;22;0;0.0
3620.0;22;0;0.0
3621.0;22;0;0.0
3622.0;22;0;0.0
3623.0;22;0;0.0
3624.0;22;0;0.0
3625.0;22;0;0.0
3626.0;22;0;0.0
3627.0;22;0;0.0
3628.0;22;0;0.0
3629.0;22;0;0.0
3630.0;22;0;0.0
3631.0;22;0;0.0
3632.0;22;0;0.0
3633.0;22;0;0.0
3634.0;22;0;0.0
3635.0;22;0;0.0
3636.0;22;0;0.0
3637.0;22;0;0.0
3638.0;22;0;0.0
3639.0;22;0;0.0
3640.0;22;0;0.0
3641.0;22;0;0.0
3642.0;22;0;0.0
3643.0;22;0;0.0
3644.0;22;0;0.0
3645.0;22;0;0.0
3646.0;22;0;0.0
3647.0;22;0;0.0
3648.0;22;0;0.0
3649.0;22;0;0.0
3650.0;22;0;0.0
3651.0;22;0;0.0
3652.0;22;0;0.0
3653.0;22;0;0.0
3654.0;22;0;0.0
3655.0;22;0;0.0
3656.0;22;0;0.0
3657.0;22;0;0.0
3658.0;22;0;0.0
3659.0;22;0;0.0
3660.0;22;0;0.0
3661.0;22;0;0.0
3662.0;22;0;0.0
3663.0;22;0;0.0
3664.0;22;0;0.0
3665.0;22;0;0.0
3666.0;22;0;0.0
3667.0;22;0;0.0
3668.0;22;0;0.0
3669.0;22;0;0.0
3670.0;22;0;0.0
3671.0;22;0;0.0
3672.0;22;0;0.0
3673.0;22;0;0.0
3674.0;22;0;0.0
3675.0;22;0;0.0
3676.0;22;0;0.0
3677.0;22;0;0.0
3678.0;22;0;0.0
3679.0;22;0;0.0
3680.0;22;0;0.0
3681.0;22;0;0.0
3682.0;22;0;0.0
3683.0;22;0;0.0
3684.0;22;0;0.0
3685.0;22;0;0.0
3686.0;22;0;0.0
3687.0;22;0;0.0
3688.0;22;0;0.0
3689.0;22;0;0.0
3690.0;22;0;0.0
3691.0;22;0;0.0
3692.0;22;0;0.0
3693.0;22;0;0.0
3694.0;22;0;0.0
3695.0;22;0;0.0
3696.0;22;0;0.0
3697.0;22;0;0.0
3698.0;22;0;0.0
3699.0;22;0;0.0
3700.0;22;0;0.0
3701.0;22;0;0.0
3702.0;22;0;0.0
3703.0;22;0;0.0
3704.0;22;0;0.0
3705.0;22;0;0.0
3706.0;22;0;0.0
3707.0;22;0;0.0
3708.0;22;0;0.0
3709.0;22;0;0.0
3710.0;22;0;0.0
3711.0;22;0;0.0
3712.0;22;0;0.0
3713.0;22;0;0.0
3714.0;22;0;0.0
3715.0;22;0;0.0
3716.0;22;0;0.0
3717.0;22;0;0.0
3718.0;22;0;0.0
3719.0;22;0;0.0
3720.0;22;0;0.0
3721.0;22;0;0.0
3722.0;22;0;0.0
3723.0;22;0;0.0
3724.0;22;0;0.0
3725.0;22;0;0.0
3726.0;22;0;0.0
3727.0;22;0;0.0
3728.0;22;0;0.0
3729.0;22;0;0.0
3730.0;22;0;0.0
3731.0;22;0;0.0
3732.0;22;0;0.0
3733.0;22;0;0.0
3734.0;22;0;0.0
3735.0;22;0;0.0
3736.0;22;0;0.0
3737.0;22;0;0.0
3738.0;22;0;0.0
3739.0;22;0;0.0
3740.0;22;0;0.0
3741.0;22;0;0.0
3742.0;22;0;0.0
3743.0;22;0;0.0
3744.0;22;0;0.0
3745.0;22;0;0.0
3746.0;22;0;0.0
3747.0;22;0;0.0
3748.0;22;0;0.0
3749.0;22;0;0.0
3750.0;22;0;0.0
3751.0;22;0;0.0
3752.0;22;0;0.0
3753.0;22;0;0.0
3754.0;22;0;0.0
3755.0;22;0;0.0
3756.0;22;0;0.0
3757.0;22;0;0.0
3758.0;22;0;0.0
3759.0;22;0;0.0
3760.0;22;0;0.0
3761.0;22;0;0.0
3762.0;22;0;0.0
3763.0;22;0;0.0
3764.0;22;0;0.0
3765.0;22;0;0.0
3766.0;22;0;0.0
3767.0;22;0;0.0
3768.0;22;0;0.0
3769.0;22;0;0.0
3770.0;22;0;0.0
3771.0;22;0;0.0
3772.0;22;0;0.0
3773.0;22;0;0.0
3774.0;22;0;0.0
3775.0;22;0;0.0
3776.0;22;0;0.0
3777.0;22;0;0.0
3778.0;22;0;0.0
3779.0;22;0;0.0
3780.0;22;0;0.0
3781.0;22;0;0.0
3782.0;22;0;0.0
3783.0;22;0;0.0
3784.0;22;0;0.0
3785.0;22;0;0.0
3786.0;22;0;0.0
3787.0;22;0;0.0
3788.0;22;0;0.0
3789.0;22;0;0.0
3790.0;22;0;0.0
3791.0;22;0;0.0
3792.0;22;0;0.0
3793.0;22;0;0.0
3794.0;22;0;0.0
3795.0;22;0;0.0
3796.0;22;0;0.0
3797.0;22;0;0.0
3798.0;22;0;0.0
3799.0;22;0;0.0
3800.0;22;0;0.0
3801.0;22;0;0.0
3802.0;22;0;0.0
3803.0;22;0;0.0
3804.0;22;0;0.0
3805.0;22;0;0.0
3806.0;22;0;0.0
3807.0;22;0;0.0
3808.0;22;0;0.0
3809.0;22;0;0.0
3810.0;22;0;0.0
3811.0;22;0;0.0
3812.0;22;0;0.0
3813.0;22;0;0.0
3814.0;22;0;0.0
3815.0;22;0;0.0
3816.0;22;0;0.0
3817.0;22;0;0.0
3818.0;22;0;0.0
3819.0;22;0;0.0
3820.0;22;0;0.0
3821.0;22;0;0.0
3822.0;22;0;0.0
3823.0;22;0;0.0
3824.0;22;0;0.0
3825.0;22;0;0.0
3826.0;22;0;0.0
3827.0;22;0;0.0
3828.0;22;0;0.0
3829.0;22;0;0.0
3830.0;22;0;0.0
3831.0;22;0;0.0
3832.0;22;0;0.0
3833.0;22;0;0.0
3834.0;22;0;0.0
3835.0;22;0;0.0
3836.0;22;0;0.0
3837.0;22;0;0.0
3838.0;22;0;0.0
3839.0;22;0;0.0
3840.0;22;0;0.0
3841.0;22;0;0.0
3842.0;22;0;0.0
3843.0;22;0;0.0
3844.0;22;0;0.0
3845.0;22;0;0.0
3846.0;22;0;0.0
3847.0;22;0;0.0
3848.0;22;0;0.0
3849.0;22;0;0.0
3850.0;22;0;0.0
3851.0;22;0;0.0
3852.0;22;0;0.0
3853.0;22;0;0.0
3854.0;22;0;0.0
3855.0;22;0;0.0
3856.0;22;0;0.0
3857.0;22;0;0.0
3858.0;22;0;0.0
3859.0;22;0;0.0
3860.0;22;0;0.0
3861.0;22;0;0.0
3862.0;22;0;0.0
3863.0;22;0;0.0
3864.0;22;0;0.0
3865.0;22;0;0.0
3866.0;22;0;0.0
3867.0;22;0;0.0
3868.0;22;0;0.0
3869.0;22;0;0.0
3870.0;22;0;0.0
3871.0;22;0;0.0
3872.0;22;0;0.0
3873.0;22;0;0.0
3874.0;22;0;0.0
3875.0;22;0;0.0
3876.0;22;0;0.0
3877.0;22;0;0.0
3878.0;22;0;0.0
3879.0;22;0;0.0
3880.0;22;0;0.0
3881.0;22;0;0.0
3882.0;22;0;0.0
3883.0;22;0;0.0
3884.0;22;0;0.0
3885.0;22;0;0.0
3886.0;22;0;0.0
3887.0;22;0;0.0
3888.0;22;0;0.0
3889.0;22;0;0.0
3890.0;22;0;0.0
3891.0;22;0;0.0
3892.0;22;0;0.0
3893.0;22;0;0.0
3894.0;22;0;0.0
3895.0;22;0;0.0
3896.0;22;0;0.0
3897.0;22;0;0.0
3898.0;22;0;0.0
3899.0;22;0;0.0
3900.0;22;0;0.0
3901.0;22;0;0.0
3902.0;22;0;0.0
3903.0;22;0;0.0
3904.0;22;0;0.0
3905.0;22;0;0.0
3906.0;22;0;0.0
3907.0;22;0;0.0
3908.0;22;0;0.0
3909.0;22;0;0.0
3910.0;22;0;0.0
3911.0;22;0;0.0
3912.0;22;0;0.0
3913.0;22;0;0.0
3914.0;22;0;0.0
3915.0;22;0;0.0
3916.0;22;0;0.0
3917.0;22;0;0.0
3918.0;22;0;0.0
3919.0;22;0;0.0
3920.0;22;0;0.0
3921.0;22;0;0.0
3922.0;22;0;0.0
3923.0;22;0;0.0
3924.0;22;0;0.0
3925.0;22;0;0.0
3926.0;22;0;0.0
3927.0;22;0;0.0
3928.0;22;0;0.0
3929.0;22;0;0.0
3930.0;22;0;0.0
3931.0;22;0;0.0
3932.0;22;0;0.0
3933.0;22;0;0.0
3934.0;22;0;0.0
3935.0;22;0;0.0
3936.0;22;0;0.0
3937.0;22;0;0.0
3938.0;22;0;0.0
3939.0;22;0;0.0
3940.0;22;0;0.0
3941.0;22;0;0.0
3942.0;22;0;0.0
3943.0;22;0;0.0
3944.0;22;0;0.0
3945.0;22;0;0.0
3946.0;22;0;0.0
3947.0;22;0;0.0
3948.0;22;0;0.0
3949.0;22;0;0.0
3950.0;22;0;0.0
3951.0;22;0;0.0
3952.0;22;0;0.0
3953.0;22;0;0.0
3954.0;22;0;0.0
3955.0;22;0;0.0
3956.0;22;0;0.0
3957.0;22;0;0.0
3958.0;22;0;0.0
3959.0;22;0;0.0
3960.0;22;0;0.0
3961.0;22;0;0.0
3962.0;22;0;0.0
3963.0;22;0;0.0
3964.0;22;0;0.0
3965.0;22;0;0.0
3966.0;22;0;0.0
3967.0;22;0;0.0
3968.0;22;0;0.0
3969.0;22;0;0.0
3970.0;22;0;0.0
3971.0;22;0;0.0
3972.0;22;0;0.0
3973.0;22;0;0.0
3974.0;22;0;0.0
3975.0;22;0;0.0
3976.0;22;0;0.0
3977.0;22;0;0.0
3978.0;22;0;0.0
3979.0;22;0;0.0
3980.0;22;0;0.0
3981.0;22;0;0.0
3982.0;22;0;0.0
3983.0;22;0;0.0
3984.0;22;0;0.0
3985.0;22;0;0.0
3986.0;22;0;0.0
3987.0;22;0;0.0
3988.0;22;0;0.0
3989.0;22;0;0.0
3990.0;22;0;0.0
3991.0;22;0;0.0
3992.0;22;0;0.0
3993.0;22;0;0.0
3994.0;22;0;0.0
3995.0;22;0;0.0
3996.0;22;0;0.0
3997.0;22;0;0.0
3998.0;22;0;0.0
3999.0;22;0;0.0
4000.0;22;0;0.0
4001.0;22;0;0.0
4002.0;22;0;0.0
4003.0;22;0;0.0
4004.0;22;0;0.0
4005.0;22;0;0.0
4006.0;22;0;0.0
4007.0;22;0;0.0
4008.0;22;0;0.0
4009.0;22;0;0.0
4010.0;22;0;0.0
4011.0;22;0;0.0
4012.0;22;0;0.0
4013.0;22;0;0.0
4014.0;22;0;0.0
4015.0;22;0;0.0
4016.0;22;0;0.0
4017.0;22;0;0.0
4018.0;22;0;0.0
4019.0;22;0;0.0
4020.0;22;0;0.0
4021.0;22;0;0.0
4022.0;22;0;0.0
4023.0;22;0;0.0
4024.0;22;0;0.0
4025.0;22;0;0.0
4026.0;22;0;0.0
4027.0;22;0;0.0
4028.0;22;0;0.0
4029.0;22;0;0.0
4030.0;22;0;0.0
4031.0;22;0;0.0
4032.0;22;0;0.0
4033.0;22;0;0.0
4034.0;22;0;0.0
4035.0;22;0;0.0
4036.0;22;0;0.0
4037.0;22;0;0.0
4038.0;22;0;0.0
4039.0;22;0;0.0
4040.0;22;0;0.0
4041.0;22;0;0.0
4042.0;22;0;0.0
4043.0;22;0;0.0
4044.0;22;0;0.0
4045.0;22;0;0.0
4046.0;22;0;0.0
4047.0;22;0;0.0
4048.0;22;0;0.0
4049.0;22;0;0.0
4050.0;22;0;0.0
4051.0;22;0;0.0
4052.0;22;0;0.0
4053.0;22;0;0.0
4054.0;22;0;0.0
4055.0;22;0;0.0
4056.0;22;0;0.0
4057.0;22;0;0.0
4058.0;22;0;0.0
4059.0;22;0;0.0
4060.0;22;0;0.0
4061.0;22;0;0.0
4062.0;22;0;0.0
4063.0;22;0;0.0
4064.0;22;0;0.0
4065.0;22;0;0.0
4066.0;22;0;0.0
4067.0;22;0;0.0
4068.0;22;0;0.0
4069.0;22;0;0.0
4070.0;22;0;0.0
4071.0;22;0;0.0
4072.0;22;0;0.0
4073.0;22;0;0.0
4074.0;22;0;0.0
4075.0;22;0;0.0
4076.0;22;0;0.0
4077.0;22;0;0.0
4078.0;22;0;0.0
4079.0;22;0;0.0
4080.0;22;0;0.0
4081.0;22;0;0.0
4082.0;22;0;0.0
4083.0;22;0;0.0
4084.0;22;0;0.0
4085.0;22;0;0.0
4086.0;22;0;0.0
4087.0;22;0;0.0
4088.0;22;0;0.0
4089.0;22;0;0.0
4090.0;22;0;0.0
4091.0;22;0;0.0
4092.0;22;0;0.0
4093.0;22;0;0.0
4094.0;22;0;0.0
4095.0;22;0;0.0
4096.0;22;0;0.0
4097.0;22;0;0.0
4098.0;22;0;0.0
4099.0;22;0;0.0
4100.0;22;0;0.0
4101.0;22;0;0.0
4102.0;22;0;0.0
4103.0;22;0;0.0
4104.0;22;0;0.0
4105.0;22;0;0.0
4106.0;22;0;0.0
4107.0;22;0;0.0
4108.0;22;0;0.0
4109.0;22;0;0.0
4110.0;22;0;0.0
4111.0;22;0;0.0
4112.0;22;0;0.0
4113.0;22;0;0.0
4114.0;22;0;0.0
4115.0;22;0;0.0
4116.0;22;0;0.0
4117.0;22;0;0.0
4118.0;22;0;0.0
4119.0;22;0;0.0
4120.0;22;0;0.0
4121.0;22;0;0.0
4122.0;22;0;0.0
4123.0;22;0;0.0
4124.0;22;0;0.0
4125.0;22;0;0.0
4126.0;22;0;0.0
4127.0;22;0;0.0
4128.0;22;0;0.0
4129.0;22;0;0.0
4130.0;22;0;0.0
4131.0;22;0;0.0
4132.0;22;0;0.0
4133.0;22;0;0.0
4134.0;22;0;0.0
4135.0;22;0;0.0
4136.0;22;0;0.0
4137.0;22;0;0.0
4138.0;22;0;0.0
4139.0;22;0;0.0
4140.0;22;0;0.0
4141.0;22;0;0.0
4142.0;22;0;0.0
4143.0;22;0;0.0
4144.0;22;0;0.0
4145.0;22;0;0.0
4146.0;22;0;0.0
4147.0;22;0;0.0
4148.0;22;0;0.0
4149.0;22;0;0.0
4150.0;22;0;0.0
4151.0;22;0;0.0
4152.0;22;0;0.0
4153.0;22;0;0.0
4154.0;22;0;0.0
4155.0;22;0;0.0
4156.0;22;0;0.0
4157.0;22;0;0.0
4158.0;22;0;0.0
4159.0;22;0;0.0
4160.0;22;0;0.0
4161.0;22;0;0.0
4162.0;22;0;0.0
4163.0;22;0;0.0
4164.0;22;0;0.0
4165.0;22;0;0.0
4166.0;22;0;0.0
4167.0;22;0;0.0
4168.0;22;0;0.0
4169.0;22;0;0.0
4170.0;22;0;0.0
4171.0;22;0;0.0
4172.0;22;0;0.0
4173.0;22;0;0.0
4174.0;22;0;0.0
4175.0;22;0;0.0
4176.0;22;0;0.0
4177.0;22;0;0.0
4178.0;22;0;0.0
4179.0;22;0;0.0
4180.0;22;0;0.0
4181.0;22;0;0.0
4182.0;22;0;0.0
4183.0;22;0;0.0
4184.0;22;0;0.0
4185.0;22;0;0.0
4186.0;22;0;0.0
4187.0;22;0;0.0
4188.0;22;0;0.0
4189.0;22;0;0.0
4190.0;22;0;0.0
4191.0;22;0;0.0
4192.0;22;0;0.0
4193.0;22;0;0.0
4194.0;22;0;0.0
4195.0;22;0;0.0
4196.0;22;0;0.0
4197.0;22;0;0.0
4198.0;22;0;0.0
4199.0;22;0;0.0
4200.0;22;0;0.0
4201.0;22;0;0.0
4202.0;22;0;0.0
4203.0;22;0;0.0
4204.0;22;0;0.0
4205.0;22;0;0.0
4206.0;22;0;0.0
4207.0;22;0;0.0
4208.0;22;0;0.0
4209.0;22;0;0.0
4210.0;22;0;0.0
4211.0;22;0;0.0
4212.0;22;0;0.0
4213.0;22;0;0.0
4214.0;22;0;0.0
4215.0;22;0;0.0
4216.0;22;0;0.0
4217.0;22;0;0.0
4218.0;22;0;0.0
4219.0;22;0;0.0
4220.0;22;0;0.0
4221.0;22;0;0.0
4222.0;22;0;0.0
4223.0;22;0;0.0
4224.0;22;0;0.0
4225.0;22;0;0.0
4226.0;22;0;0.0
4227.0;22;0;0.0
4228.0;22;0;0.0
4229.0;22;0;0.0
4230.0;22;0;0.0
4231.0;22;0;0.0
4232.0;22;0;0.0
4233.0;22;0;0.0
4234.0;22;0;0.0
4235.0;22;0;0.0
4236.0;22;0;0.0
4237.0;22;0;0.0
4238.0;22;0;0.0
4239.0;22;0;0.0
4240.0;22;0;0.0
4241.0;22;0;0.0
4242.0;22;0;0.0
4243.0;22;0;0.0
4244.0;22;0;0.0
4245.0;22;0;0.0
4246.0;22;0;0.0
4247.0;22;0;0.0
4248.0;22;0;0.0
4249.0;22;0;0.0
4250.0;22;0;0.0
4251.0;22;0;0.0
4252.0;22;0;0.0
4253.0;22;0;0.0
4254.0;22;0;0.0
4255.0;22;0;0.0
4256.0;22;0;0.0
4257.0;22;0;0.0
4258.0;22;0;0.0
4259.0;22;0;0.0
4260.0;22;0;0.0
4261.0;22;0;0.0
4262.0;22;0;0.0
4263.0;22;0;0.0
4264.0;22;0;0.0
4265.0;22;0;0.0
4266.0;22;0;0.0
4267.0;22;0;0.0
4268.0;22;0;0.0
4269.0;22;0;0.0
4270.0;22;0;0.0
4271.0;22;0;0.0
4272.0;22;0;0.0
4273.0;22;0;0.0
4274.0;22;0;0.0
4275.0;22;0;0.0
4276.0;22;0;0.0
4277.0;22;0;0.0
4278.0;22;0;0.0
4279.0;22;0;0.0
4280.0;22;0;0.0
4281.0;22;0;0.0
4282.0;22;0;0.0
4283.0;22;0;0.0
4284.0;22;0;0.0
4285.0;22;0;0.0
4286.0;22;0;0.0
4287.0;22;0;0.0
4288.0;22;0;0.0
4289.0;22;0;0.0
4290.0;22;0;0.0
4291.0;22;0;0.0
4292.0;22;0;0.0
4293.0;22;0;0.0
4294.0;22;0;0.0
4295.0;22;0;0.0
4296.0;22;0;0.0
4297.0;22;0;0.0
4298.0;22;0;0.0
4299.0;22;0;0.0
4300.0;22;0;0.0
4301.0;22;0;0.0
4302.0;22;0;0.0
4303.0;22;0;0.0
4304.0;22;0;0.0
4305.0;22;0;0.0
4306.0;22;0;0.0
4307.0;22;0;0.0
4308.0;22;0;0.0
4309.0;22;0;0.0
4310.0;22;0;0.0
4311.0;22;0;0.0
4312.0;22;0;0.0
4313.0;22;0;0.0
4314.0;22;0;0.0
4315.0;22;0;0.0
4316.0;22;0;0.0
4317.0;22;0;0.0
4318.0;22;0;0.0
4319.0;22;0;0.0
4320.0;22;0;0.0
4321.0;22;0;0.0
4322.0;22;0;0.0
4323.0;22;0;0.0
4324.0;22;0;0.0
4325.0;22;0;0.0
4326.0;22;0;0.0
4327.0;22;0;0.0
4328.0;22;0;0.0
4329.0;22;0;0.0
4330.0;22;0;0.0
4331.0;22;0;0.0
4332.0;22;0;0.0
4333.0;22;0;0.0
4334.0;22;0;0.0
4335.0;22;0;0.0
4336.0;22;0;0.0
4337.0;22;0;0.0
4338.0;22;0;0.0
4339.0;22;0;0.0
4340.0;22;0;0.0
4341.0;22;0;0.0
4342.0;22;0;0.0
4343.0;22;0;0.0
4344.0;22;0;0.0
4345.0;22;0;0.0
4346.0;22;0;0.0
4347.0;22;0;0.0
4348.0;22;0;0.0
4349.0;22;0;0.0
4350.0;22;0;0.0
4351.0;22;0;0.0
4352.0;22;0;0.0
4353.0;22;0;0.0
4354.0;22;0;0.0
4355.0;22;0;0.0
4356.0;22;0;0.0
4357.0;22;0;0.0
4358.0;22;0;0.0
4359.0;22;0;0.0
4360.0;22;0;0.0
4361.0;22;0;0.0
4362.0;22;0;0.0
4363.0;22;0;0.0
4364.0;22;0;0.0
4365.0;22;0;0.0
4366.0;22;0;0.0
4367.0;22;0;0.0
4368.0;22;0;0.0
4369.0;22;0;0.0
4370.0;22;0;0.0
4371.0;22;0;0.0
4372.0;22;0;0.0
4373.0;22;0;0.0
4374.0;22;0;0.0
4375.0;22;0;0.0
4376.0;22;0;0.0
4377.0;22;0;0.0
4378.0;22;0;0.0
4379.0;22;0;0.0
4380.0;22;0;0.0
4381.0;22;0;0.0
4382.0;22;0;0.0
4383.0;22;0;0.0
4384.0;22;0;0.0
4385.0;22;0;0.0
4386.0;22;0;0.0
4387.0;22;0;0.0
4388.0;22;0;0.0
4389.0;22;0;0.0
4390.0;22;0;0.0
4391.0;22;0;0.0
4392.0;22;0;0.0
4393.0;22;0;0.0
4394.0;22;0;0.0
4395.0;22;0;0.0
4396.0;22;0;0.0
4397.0;22;0;0.0
4398.0;22;0;0.0
4399.0;22;0;0.0
4400.0;22;0;0.0
4401.0;22;0;0.0
4402.0;22;0;0.0
4403.0;22;0;0.0
4404.0;22;0;0.0
4405.0;22;0;0.0
4406.0;22;0;0.0
4407.0;22;0;0.0
4408.0;22;0;0.0
4409.0;22;0;0.0
4410.0;22;0;0.0
4411.0;22;0;0.0
4412.0;22;0;0.0
4413.0;22;0;0.0
4414.0;22;0;0.0
4415.0;22;0;0.0
4416.0;22;0;0.0
4417.0;22;0;0.0
4418.0;22;0;0.0
4419.0;22;0;0.0
4420.0;22;0;0.0
4421.0;22;0;0.0
4422.0;22;0;0.0
4423.0;22;0;0.0
4424.0;22;0;0.0
4425.0;22;0;0.0
4426.0;22;0;0.0
4427.0;22;0;0.0
4428.0;22;0;0.0
4429.0;22;0;0.0
4430.0;22;0;0.0
4431.0;22;0;0.0
4432.0;22;0;0.0
4433.0;22;0;0.0
4434.0;22;0;0.0
4435.0;22;0;0.0
4436.0;22;0;0.0
4437.0;22;0;0.0
4438.0;22;0;0.0
4439.0;22;0;0.0
4440.0;22;0;0.0
4441.0;22;0;0.0
4442.0;22;0;0.0
4443.0;22;0;0.0
4444.0;22;0;0.0
4445.0;22;0;0.0
4446.0;22;0;0.0
4447.0;22;0;0.0
4448.0;22;0;0.0
4449.0;22;0;0.0
4450.0;22;0;0.0
4451.0;22;0;0.0
4452.0;22;0;0.0
4453.0;22;0;0.0
4454.0;22;0;0.0
4455.0;22;0;0.0
4456.0;22;0;0.0
4457.0;22;0;0.0
4458.0;22;0;0.0
4459.0;22;0;0.0
4460.0;22;0;0.0
4461.0;22;0;0.0
4462.0;22;0;0.0
4463.0;22;0;0.0
4464.0;22;0;0.0
4465.0;22;0;0.0
4466.0;22;0;0.0
4467.0;22;0;0.0
4468.0;22;0;0.0
4469.0;22;0;0.0
4470.0;22;0;0.0
4471.0;22;0;0.0
4472.0;22;0;0.0
4473.0;22;0;0.0
4474.0;22;0;0.0
4475.0;22;0;0.0
4476.0;22;0;0.0
4477.0;22;0;0.0
4478.0;22;0;0.0
4479.0;22;0;0.0
4480.0;22;0;0.0
4481.0;22;0;0.0
4482.0;22;0;0.0
4483.0;22;0;0.0
4484.0;22;0;0.0
4485.0;22;0;0.0
4486.0;22;0;0.0
4487.0;22;0;0.0
4488.0;22;0;0.0
4489.0;22;0;0.0
4490.0;22;0;0.0
4491.0;22;0;0.0
4492.0;22;0;0.0
4493.0;22;0;0.0
4494.0;22;0;0.0
4495.0;22;0;0.0
4496.0;22;0;0.0
4497.0;22;0;0.0
4498.0;22;0;0.0
4499.0;22;0;0.0
4500.0;22;0;0.0
4501.0;22;0;0.0
4502.0;22;0;0.0
4503.0;22;0;0.0
4504.0;22;0;0.0
4505.0;22;0;0.0
4506.0;22;0;0.0
4507.0;22;0;0.0
4508.0;22;0;0.0
4509.0;22;0;0.0
4510.0;22;0;0.0
4511.0;22;0;0.0
4512.0;22;0;0.0
4513.0;22;0;0.0
4514.0;22;0;0.0
4515.0;22;0;0.0
4516.0;22;0;0.0
4517.0;22;0;0.0
4518.0;22;0;0.0
4519.0;22;0;0.0
4520.0;22;0;0.0
4521.0;22;0;0.0
4522.0;22;0;0.0
4523.0;22;0;0.0
4524.0;22;0;0.0
4525.0;22;0;0.0
4526.0;22;0;0.0
4527.0;22;0;0.0
4528.0;22;0;0.0
4529.0;22;0;0.0
4530.0;22;0;0.0
4531.0;22;0;0.0
4532.0;22;0;0.0
4533.0;22;0;0.0
4534.0;22;0;0.0
4535.0;22;0;0.0
4536.0;22;0;0.0
4537.0;22;0;0.0
4538.0;22;0;0.0
4539.0;22;0;0.0
4540.0;22;0;0.0
4541.0;22;0;0.0
4542.0;22;0;0.0
4543.0;22;0;0.0
4544.0;22;0;0.0
4545.0;22;0;0.0
4546.0;22;0;0.0
4547.0;22;0;0.0
4548.0;22;0;0.0
4549.0;22;0;0.0
4550.0;22;0;0.0
4551.0;22;0;0.0
4552.0;22;0;0.0
4553.0;22;0;0.0
4554.0;22;0;0.0
4555.0;22;0;0.0
4556.0;22;0;0.0
4557.0;22;0;0.0
4558.0;22;0;0.0
4559.0;22;0;0.0
4560.0;22;0;0.0
4561.0;22;0;0.0
4562.0;22;0;0.0
4563.0;22;0;0.0
4564.0;22;0;0.0
4565.0;22;0;0.0
4566.0;22;0;0.0
4567.0;22;0;0.0
4568.0;22;0;0.0
4569.0;22;0;0.0
4570.0;22;0;0.0
4571.0;22;0;0.0
4572.0;22;0;0.0
4573.0;22;0;0.0
4574.0;22;0;0.0
4575.0;22;0;0.0
4576.0;22;0;0.0
4577.0;22;0;0.0
4578.0;22;0;0.0
4579.0;22;0;0.0
4580.0;22;0;0.0
4581.0;22;0;0.0
4582.0;22;0;0.0
4583.0;22;0;0.0
4584.0;22;0;0.0
4585.0;22;0;0.0
4586.0;22;0;0.0
4587.0;22;0;0.0
4588.0;22;0;0.0
4589.0;22;0;0.0
4590.0;22;0;0.0
4591.0;22;0;0.0
4592.0;22;0;0.0
4593.0;22;0;0.0
4594.0;22;0;0.0
4595.0;22;0;0.0
4596.0;22;0;0.0
4597.0;22;0;0.0
4598.0;22;0;0.0
4599.0;22;0;0.0
4600.0;22;0;0.0
4601.0;22;0;0.0
4602.0;22;0;0.0
4603.0;22;0;0.0
4604.0;22;0;0.0
4605.0;22;0;0.0
4606.0;22;0;0.0
4607.0;22;0;0.0
4608.0;22;0;0.0
4609.0;22;0;0.0
4610.0;22;0;0.0
4611.0;22;0;0.0
4612.0;22;0;0.0
4613.0;22;0;0.0
4614.0;22;0;0.0
4615.0;22;0;0.0
4616.0;22;0;0.0
4617.0;22;0;0.0
4618.0;22;0;0.0
4619.0;22;0;0.0
4620.0;22;0;0.0
4621.0;22;0;0.0
4622.0;22;0;0.0
4623.0;22;0;0.0
4624.0;22;0;0.0
4625.0;22;0;0.0
4626.0;22;0;0.0
4627.0;22;0;0.0
4628.0;22;0;0.0
4629.0;22;0;0.0
4630.0;22;0;0.0
4631.0;22;0;0.0
4632.0;22;0;0.0
4633.0;22;0;0.0
4634.0;22;0;0.0
4635.0;22;0;0.0
4636.0;22;0;0.0
4637.0;22;0;0.0
4638.0;22;0;0.0
4639.0;22;0;0.0
4640.0;22;0;0.0
4641.0;22;0;0.0
4642.0;22;0;0.0
4643.0;22;0;0.0
4644.0;22;0;0.0
4645.0;22;0;0.0
4646.0;22;0;0.0
4647.0;22;0;0.0
4648.0;22;0;0.0
4649.0;22;0;0.0
4650.0;22;0;0.0
4651.0;22;0;0.0
4652.0;22;0;0.0
4653.0;22;0;0.0
4654.0;22;0;0.0
4655.0;22;0;0.0
4656.0;22;0;0.0
4657.0;22;0;0.0
4658.0;22;0;0.0
4659.0;22;0;0.0
4660.0;22;0;0.0
4661.0;22;0;0.0
4662.0;22;0;0.0
4663.0;22;0;0.0
4664.0;22;0;0.0
4665.0;22;0;0.0
4666.0;22;0;0.0
4667.0;22;0;0.0
4668.0;22;0;0.0
4669.0;22;0;0.0
4670.0;22;0;0.0
4671.0;22;0;0.0
4672.0;22;0;0.0
4673.0;22;0;0.0
4674.0;22;0;0.0
4675.0;22;0;0.0
4676.0;22;0;0.0
4677.0;22;0;0.0
4678.0;22;0;0.0
4679.0;22;0;0.0
4680.0;22;0;0.0
4681.0;22;0;0.0
4682.0;22;0;0.0
4683.0;22;0;0.0
4684.0;22;0;0.0
4685.0;22;0;0.0
4686.0;22;0;0.0
4687.0;22;0;0.0
4688.0;22;0;0.0
4689.0;22;0;0.0
4690.0;22;0;0.0
4691.0;22;0;0.0
4692.0;22;0;0.0
4693.0;22;0;0.0
4694.0;22;0;0.0
4695.0;22;0;0.0
4696.0;22;0;0.0
4697.0;22;0;0.0
4698.0;22;0;0.0
4699.0;22;0;0.0
4700.0;22;0;0.0
4701.0;22;0;0.0
4702.0;22;0;0.0
4703.0;22;0;0.0
4704.0;22;0;0.0
4705.0;22;0;0.0
4706.0;22;0;0.0
4707.0;22;0;0.0
4708.0;22;0;0.0
4709.0;22;0;0.0
4710.0;22;0;0.0
4711.0;22;0;0.0
4712.0;22;0;0.0
4713.0;22;0;0.0
4714.0;22;0;0.0
4715.0;22;0;0.0
4716.0;22;0;0.0
4717.0;22;0;0.0
4718.0;22;0;0.0
4719.0;22;0;0.0
4720.0;22;0;0.0
4721.0;22;0;0.0
4722.0;22;0;0.0
4723.0;22;0;0.0
4724.0;22;0;0.0
4725.0;22;0;0.0
4726.0;22;0;0.0
4727.0;22;0;0.0
4728.0;22;0;0.0
4729.0;22;0;0.0
4730.0;22;0;0.0
4731.0;22;0;0.0
4732.0;22;0;0.0
4733.0;22;0;0.0
4734.0;22;0;0.0
4735.0;22;0;0.0
4736.0;22;0;0.0
4737.0;22;0;0.0
4738.0;22;0;0.0
4739.0;22;0;0.0
4740.0;22;0;0.0
4741.0;22;0;0.0
4742.0;22;0;0.0
4743.0;22;0;0.0
4744.0;22;0;0.0
4745.0;22;0;0.0
4746.0;22;0;0.0
4747.0;22;0;0.0
4748.0;22;0;0.0
4749.0;22;0;0.0
4750.0;22;0;0.0
4751.0;22;0;0.0
4752.0;22;0;0.0
4753.0;22;0;0.0
4754.0;22;0;0.0
4755.0;22;0;0.0
4756.0;22;0;0.0
4757.0;22;0;0.0
4758.0;22;0;0.0
4759.0;22;0;0.0
4760.0;22;0;0.0
4761.0;22;0;0.0
4762.0;22;0;0.0
4763.0;22;0;0.0
4764.0;22;0;0.0
4765.0;22;0;0.0
4766.0;22;0;0.0
4767.0;22;0;0.0
4768.0;22;0;0.0
4769.0;22;0;0.0
4770.0;22;0;0.0
4771.0;22;0;0.0
4772.0;22;0;0.0
4773.0;22;0;0.0
4774.0;22;0;0.0
4775.0;22;0;0.0
4776.0;22;0;0.0
4777.0;22;0;0.0
4778.0;22;0;0.0
4779.0;22;0;0.0
4780.0;22;0;0.0
4781.0;22;0;0.0
4782.0;22;0;0.0
4783.0;22;0;0.0
4784.0;22;0;0.0
4785.0;22;0;0.0
4786.0;22;0;0.0
4787.0;22;0;0.0
4788.0;22;0;0.0
4789.0;22;0;0.0
4790.0;22;0;0.0
4791.0;22;0;0.0
4792.0;22;0;0.0
4793.0;22;0;0.0
4794.0;22;0;0.0
4795.0;22;0;0.0
4796.0;22;0;0.0
4797.0;22;0;0.0
4798.0;22;0;0.0
4799.0;22;0;0.0
4800.0;22;0;0.0
4801.0;22;0;0.0
4802.0;22;0;0.0
4803.0;22;0;0.0
4804.0;22;0;0.0
4805.0;22;0;0.0
4806.0;22;0;0.0
4807.0;22;0;0.0
4808.0;22;0;0.0
4809.0;22;0;0.0
4810.0;22;0;0.0
4811.0;22;0;0.0
4812.0;22;0;0.0
4813.0;22;0;0.0
4814.0;22;0;0.0
4815.0;22;0;0.0
4816.0;22;0;0.0
4817.0;22;0;0.0
4818.0;22;0;0.0
4819.0;22;0;0.0
4820.0;22;0;0.0
4821.0;22;0;0.0
4822.0;22;0;0.0
4823.0;22;0;0.0
4824.0;22;0;0.0
4825.0;22;0;0.0
4826.0;22;0;0.0
4827.0;22;0;0.0
4828.0;22;0;0.0
4829.0;22;0;0.0
4830.0;22;0;0.0
4831.0;22;0;0.0
4832.0;22;0;0.0
4833.0;22;0;0.0
4834.0;22;0;0.0
4835.0;22;0;0.0
4836.0;22;0;0.0
4837.0;22;0;0.0
4838.0;22;0;0.0
4839.0;22;0;0.0
4840.0;22;0;0.0
4841.0;22;0;0.0
4842.0;22;0;0.0
4843.0;22;0;0.0
4844.0;22;0;0.0
4845.0;22;0;0.0
4846.0;22;0;0.0
4847.0;22;0;0.0
4848.0;22;0;0.0
4849.0;22;0;0.0
4850.0;22;0;0.0
4851.0;22;0;0.0
4852.0;22;0;0.0
4853.0;22;0;0.0
4854.0;22;0;0.0
4855.0;22;0;0.0
4856.0;22;0;0.0
4857.0;22;0;0.0
4858.0;22;0;0.0
4859.0;22;0;0.0
4860.0;22;0;0.0
4861.0;22;0;0.0
4862.0;22;0;0.0
4863.0;22;0;0.0
4864.0;22;0;0.0
4865.0;22;0;0.0
4866.0;22;0;0.0
4867.0;22;0;0.0
4868.0;22;0;0.0
4869.0;22;0;0.0
4870.0;22;0;0.0
4871.0;22;0;0.0
4872.0;22;0;0.0
4873.0;22;0;0.0
4874.0;22;0;0.0
4875.0;22;0;0.0
4876.0;22;0;0.0
4877.0;22;0;0.0
4878.0;22;0;0.0
4879.0;22;0;0.0
4880.0;22;0;0.0
4881.0;22;0;0.0
4882.0;22;0;0.0
4883.0;22;0;0.0
4884.0;22;0;0.0
4885.0;22;0;0.0
4886.0;22;0;0.0
4887.0;22;0;0.0
4888.0;22;0;0.0
4889.0;22;0;0.0
4890.0;22;0;0.0
4891.0;22;0;0.0
4892.0;22;0;0.0
4893.0;22;0;0.0
4894.0;22;0;0.0
4895.0;22;0;0.0
4896.0;22;0;0.0
4897.0;22;0;0.0
4898.0;22;0;0.0
4899.0;22;0;0.0
4900.0;22;0;0.0
4901.0;22;0;0.0
4902.0;22;0;0.0
4903.0;22;0;0.0
4904.0;22;0;0.0
4905.0;22;0;0.0
4906.0;22;0;0.0
4907.0;22;0;0.0
4908.0;22;0;0.0
4909.0;22;0;0.0
4910.0;22;0;0.0
4911.0;22;0;0.0
4912.0;22;0;0.0
4913.0;22;0;0.0
4914.0;22;0;0.0
4915.0;22;0;0.0
4916.0;22;0;0.0
4917.0;22;0;0.0
4918.0;22;0;0.0
4919.0;22;0;0.0
4920.0;22;0;0.0
4921.0;22;0;0.0
4922.0;22;0;0.0
4923.0;22;0;0.0
4924.0;22;0;0.0
4925.0;22;0;0.0
4926.0;22;0;0.0
4927.0;22;0;0.0
4928.0;22;0;0.0
4929.0;22;0;0.0
4930.0;22;0;0.0
4931.0;22;0;0.0
4932.0;22;0;0.0
4933.0;22;0;0.0
4934.0;22;0;0.0
4935.0;22;0;0.0
4936.0;22;0;0.0
4937.0;22;0;0.0
4938.0;22;0;0.0
4939.0;22;0;0.0
4940.0;22;0;0.0
4941.0;22;0;0.0
4942.0;22;0;0.0
4943.0;22;0;0.0
4944.0;22;0;0.0
4945.0;22;0;0.0
4946.0;22;0;0.0
4947.0;22;0;0.0
4948.0;22;0;0.0
4949.0;22;0;0.0
4950.0;22;0;0.0
4951.0;22;0;0.0
4952.0;22;0;0.0
4953.0;22;0;0.0
4954.0;22;0;0.0
4955.0;22;0;0.0
4956.0;22;0;0.0
4957.0;22;0;0.0
4958.0;22;0;0.0
4959.0;22;0;0.0
4960.0;22;0;0.0
4961.0;22;0;0.0
4962.0;22;0;0.0
4963.0;22;0;0.0
4964.0;22;0;0.0
4965.0;22;0;0.0
4966.0;22;0;0.0
4967.0;22;0;0.0
4968.0;22;0;0.0
4969.0;22;0;0.0
4970.0;22;0;0.0
4971.0;22;0;0.0
4972.0;22;0;0.0
4973.0;22;0;0.0
4974.0;22;0;0.0
4975.0;22;0;0.0
4976.0;22;0;0.0
4977.0;22;0;0.0
4978.0;22;0;0.0
4979.0;22;0;0.0
4980.0;22;0;0.0
4981.0;22;0;0.0
4982.0;22;0;0.0
4983.0;22;0;0.0
4984.0;22;0;0.0
4985.0;22;0;0.0
4986.0;22;0;0.0
4987.0;22;0;0.0
4988.0;22;0;0.0
4989.0;22;0;0.0
4990.0;22;0;0.0
4991.0;22;0;0.0
4992.0;22;0;0.0
4993.0;22;0;0.0
4994.0;22;0;0.0
4995.0;22;0;0.0
4996.0;22;0;0.0
4997.0;22;0;0.0
4998.0;22;0;0.0
4999.0;22;0;0.0
5000.0;22;0;0.0
5001.0;22;0;0.0
5002.0;22;0;0.0
5003.0;22;0;0.0
5004.0;22;0;0.0
5005.0;22;0;0.0
5006.0;22;0;0.0
5007.0;22;0;0.0
5008.0;22;0;0.0
5009.0;22;0;0.0
5010.0;22;0;0.0
5011.0;22;0;0.0
5012.0;22;0;0.0
5013.0;22;0;0.0
5014.0;22;0;0.0
5015.0;22;0;0.0
5016.0;22;0;0.0
5017.0;22;0;0.0
5018.0;22;0;0.0
5019.0;22;0;0.0
5020.0;22;0;0.0
5021.0;22;0;0.0
5022.0;22;0;0.0
5023.0;22;0;0.0
5024.0;22;0;0.0
5025.0;22;0;0.0
5026.0;22;0;0.0
5027.0;22;0;0.0
5028.0;22;0;0.0
5029.0;22;0;0.0
5030.0;22;0;0.0
5031.0;22;0;0.0
5032.0;22;0;0.0
5033.0;22;0;0.0
5034.0;22;0;0.0
5035.0;22;0;0.0
5036.0;22;0;0.0
5037.0;22;0;0.0
5038.0;22;0;0.0
5039.0;22;0;0.0
5040.0;22;0;0.0
5041.0;22;0;0.0
5042.0;22;0;0.0
5043.0;22;0;0.0
5044.0;22;0;0.0
5045.0;22;0;0.0
5046.0;22;0;0.0
5047.0;22;0;0.0
5048.0;22;0;0.0
5049.0;22;0;0.0
5050.0;22;0;0.0
5051.0;22;0;0.0
5052.0;22;0;0.0
5053.0;22;0;0.0
5054.0;22;0;0.0
5055.0;22;0;0.0
5056.0;22;0;0.0
5057.0;22;0;0.0
5058.0;22;0;0.0
5059.0;22;0;0.0
5060.0;22;0;0.0
5061.0;22;0;0.0
5062.0;22;0;0.0
5063.0;22;0;0.0
5064.0;22;0;0.0
5065.0;22;0;0.0
5066.0;22;0;0.0
5067.0;22;0;0.0
5068.0;22;0;0.0
5069.0;22;0;0.0
5070.0;22;0;0.0
5071.0;22;0;0.0
5072.0;22;0;0.0
5073.0;22;0;0.0
5074.0;22;0;0.0
5075.0;22;0;0.0
5076.0;22;0;0.0
5077.0;22;0;0.0
5078.0;22;0;0.0
5079.0;22;0;0.0
5080.0;22;0;0.0
5081.0;22;0;0.0
5082.0;22;0;0.0
5083.0;22;0;0.0
5084.0;22;0;0.0
5085.0;22;0;0.0
5086.0;22;0;0.0
5087.0;22;0;0.0
5088.0;22;0;0.0
5089.0;22;0;0.0
5090.0;22;0;0.0
5091.0;22;0;0.0
5092.0;22;0;0.0
5093.0;22;0;0.0
5094.0;22;0;0.0
5095.0;22;0;0.0
5096.0;22;0;0.0
5097.0;22;0;0.0
5098.0;22;0;0.0
5099.0;22;0;0.0
5100.0;22;0;0.0
5101.0;22;0;0.0
5102.0;22;0;0.0
5103.0;22;0;0.0
5104.0;22;0;0.0
5105.0;22;0;0.0
5106.0;22;0;0.0
5107.0;22;0;0.0
5108.0;22;0;0.0
5109.0;22;0;0.0
5110.0;22;0;0.0
5111.0;22;0;0.0
5112.0;22;0;0.0
5113.0;22;0;0.0
5114.0;22;0;0.0
5115.0;22;0;0.0
5116.0;22;0;0.0
5117.0;22;0;0.0
5118.0;22;0;0.0
5119.0;22;0;0.0
5120.0;22;0;0.0
5121.0;22;0;0.0
5122.0;22;0;0.0
5123.0;22;0;0.0
5124.0;22;0;0.0
5125.0;22;0;0.0
5126.0;22;0;0.0
5127.0;22;0;0.0
5128.0;22;0;0.0
5129.0;22;0;0.0
5130.0;22;0;0.0
5131.0;22;0;0.0
5132.0;22;0;0.0
5133.0;22;0;0.0
5134.0;22;0;0.0
5135.0;22;0;0.0
5136.0;22;0;0.0
5137.0;22;0;0.0
5138.0;22;0;0.0
5139.0;22;0;0.0
5140.0;22;0;0.0
5141.0;22;0;0.0
5142.0;22;0;0.0
5143.0;22;0;0.0
5144.0;22;0;0.0
5145.0;22;0;0.0
5146.0;22;0;0.0
5147.0;22;0;0.0
5148.0;22;0;0.0
5149.0;22;0;0.0
5150.0;22;0;0.0
5151.0;22;0;0.0
5152.0;22;0;0.0
5153.0;22;0;0.0
5154.0;22;0;0.0
5155.0;22;0;0.0
5156.0;22;0;0.0
5157.0;22;0;0.0
5158.0;22;0;0.0
5159.0;22;0;0.0
5160.0;22;0;0.0
5161.0;22;0;0.0
5162.0;22;0;0.0
5163.0;22;0;0.0
5164.0;22;0;0.0
5165.0;22;0;0.0
5166.0;22;0;0.0
5167.0;22;0;0.0
5168.0;22;0;0.0
5169.0;22;0;0.0
5170.0;22;0;0.0
5171.0;22;0;0.0
5172.0;22;0;0.0
5173.0;22;0;0.0
5174.0;22;0;0.0
5175.0;22;0;0.0
5176.0;22;0;0.0
5177.0;22;0;0.0
5178.0;22;0;0.0
5179.0;22;0;0.0
5180.0;22;0;0.0
5181.0;22;0;0.0
5182.0;22;0;0.0
5183.0;22;0;0.0
5184.0;22;0;0.0
5185.0;22;0;0.0
5186.0;22;0;0.0
5187.0;22;0;0.0
5188.0;22;0;0.0
5189.0;22;0;0.0
5190.0;22;0;0.0
5191.0;22;0;0.0
5192.0;22;0;0.0
5193.0;22;0;0.0
5194.0;22;0;0.0
5195.0;22;0;0.0
5196.0;22;0;0.0
5197.0;22;0;0.0
5198.0;22;0;0.0
5199.0;22;0;0.0
5200.0;22;0;0.0
5201.0;22;0;0.0
5202.0;22;0;0.0
5203.0;22;0;0.0
5204.0;22;0;0.0
5205.0;22;0;0.0
5206.0;22;0;0.0
5207.0;22;0;0.0
5208.0;22;0;0.0
5209.0;22;0;0.0
5210.0;22;0;0.0
5211.0;22;0;0.0
5212.0;22;0;0.0
5213.0;22;0;0.0
5214.0;22;0;0.0
5215.0;22;0;0.0
5216.0;22;0;0.0
5217.0;22;0;0.0
5218.0;22;0;0.0
5219.0;22;0;0.0
5220.0;22;0;0.0
5221.0;22;0;0.0
5222.0;22;0;0.0
5223.0;22;0;0.0
5224.0;22;0;0.0
5225.0;22;0;0.0
5226.0;22;0;0.0
5227.0;22;0;0.0
5228.0;22;0;0.0
5229.0;22;0;0.0
5230.0;22;0;0.0
5231.0;22;0;0.0
5232.0;22;0;0.0
5233.0;22;0;0.0
5234.0;22;0;0.0
5235.0;22;0;0.0
5236.0;22;0;0.0
5237.0;22;0;0.0
5238.0;22;0;0.0
5239.0;22;0;0.0
5240.0;22;0;0.0
5241.0;22;0;0.0
5242.0;22;0;0.0
5243.0;22;0;0.0
5244.0;22;0;0.0
5245.0;22;0;0.0
5246.0;22;0;0.0
5247.0;22;0;0.0
5248.0;22;0;0.0
5249.0;22;0;0.0
5250.0;22;0;0.0
5251.0;22;0;0.0
5252.0;22;0;0.0
5253.0;22;0;0.0
5254.0;22;0;0.0
5255.0;22;0;0.0
5256.0;22;0;0.0
5257.0;22;0;0.0
5258.0;22;0;0.0
5259.0;22;0;0.0
5260.0;22;0;0.0
5261.0;22;0;0.0
5262.0;22;0;0.0
5263.0;22;0;0.0
5264.0;22;0;0.0
5265.0;22;0;0.0
5266.0;22;0;0.0
5267.0;22;0;0.0
5268.0;22;0;0.0
5269.0;22;0;0.0
5270.0;22;0;0.0
5271.0;22;0;0.0
5272.0;22;0;0.0
5273.0;22;0;0.0
5274.0;22;0;0.0
5275.0;22;0;0.0
5276.0;22;0;0.0
5277.0;22;0;0.0
5278.0;22;0;0.0
5279.0;22;0;0.0
5280.0;22;0;0.0
5281.0;22;0;0.0
5282.0;22;0;0.0
5283.0;22;0;0.0
5284.0;22;0;0.0
5285.0;22;0;0.0
5286.0;22;0;0.0
5287.0;22;0;0.0
5288.0;22;0;0.0
5289.0;22;0;0.0
5290.0;22;0;0.0
5291.0;22;0;0.0
5292.0;22;0;0.0
5293.0;22;0;0.0
5294.0;22;0;0.0
5295.0;22;0;0.0
5296.0;22;0;0.0
5297.0;22;0;0.0
5298.0;22;0;0.0
5299.0;22;0;0.0
5300.0;22;0;0.0
5301.0;22;0;0.0
5302.0;22;0;0.0
5303.0;22;0;0.0
5304.0;22;0;0.0
5305.0;22;0;0.0
5306.0;22;0;0.0
5307.0;22;0;0.0
5308.0;22;0;0.0
5309.0;22;0;0.0
5310.0;22;0;0.0
5311.0;22;0;0.0
5312.0;22;0;0.0
5313.0;22;0;0.0
5314.0;22;0;0.0
5315.0;22;0;0.0
5316.0;22;0;0.0
5317.0;22;0;0.0
5318.0;22;0;0.0
5319.0;22;0;0.0
5320.0;22;0;0.0
5321.0;22;0;0.0
5322.0;22;0;0.0
5323.0;22;0;0.0
5324.0;22;0;0.0
5325.0;22;0;0.0
5326.0;22;0;0.0
5327.0;22;0;0.0
5328.0;22;0;0.0
5329.0;22;0;0.0
5330.0;22;0;0.0
5331.0;22;0;0.0
5332.0;22;0;0.0
5333.0;22;0;0.0
5334.0;22;0;0.0
5335.0;22;0;0.0
5336.0;22;0;0.0
5337.0;22;0;0.0
5338.0;22;0;0.0
5339.0;22;0;0.0
5340.0;22;0;0.0
5341.0;22;0;0.0
5342.0;22;0;0.0
5343.0;22;0;0.0
5344.0;22;0;0.0
5345.0;22;0;0.0
5346.0;22;0;0.0
5347.0;22;0;0.0
5348.0;22;0;0.0
5349.0;22;0;0.0
5350.0;22;0;0.0
5351.0;22;0;0.0
5352.0;22;0;0.0
5353.0;22;0;0.0
5354.0;22;0;0.0
5355.0;22;0;0.0
5356.0;22;0;0.0
5357.0;22;0;0.0
5358.0;22;0;0.0
5359.0;22;0;0.0
5360.0;22;0;0.0
5361.0;22;0;0.0
5362.0;22;0;0.0
5363.0;22;0;0.0
5364.0;22;0;0.0
5365.0;22;0;0.0
5366.0;22;0;0.0
5367.0;22;0;0.0
5368.0;22;0;0.0
5369.0;22;0;0.0
5370.0;22;0;0.0
5371.0;22;0;0.0
5372.0;22;0;0.0
5373.0;22;0;0.0
5374.0;22;0;0.0
5375.0;22;0;0.0
5376.0;22;0;0.0
5377.0;22;0;0.0
5378.0;22;0;0.0
5379.0;22;0;0.0
5380.0;22;0;0.0
5381.0;22;0;0.0
5382.0;22;0;0.0
5383.0;22;0;0.0
5384.0;22;0;0.0
5385.0;22;0;0.0
5386.0;22;0;0.0
5387.0;22;0;0.0
5388.0;22;0;0.0
5389.0;22;0;0.0
5390.0;22;0;0.0
5391.0;22;0;0.0
5392.0;22;0;0.0
5393.0;22;0;0.0
5394.0;22;0;0.0
5395.0;22;0;0.0
5396.0;22;0;0.0
5397.0;22;0;0.0
5398.0;22;0;0.0
5399.0;22;0;0.0
5400.0;22;0;0.0
5401.0;22;0;0.0
5402.0;22;0;0.0
5403.0;22;0;0.0
5404.0;22;0;0.0
5405.0;22;0;0.0
5406.0;22;0;0.0
5407.0;22;0;0.0
5408.0;22;0;0.0
5409.0;22;0;0.0
5410.0;22;0;0.0
5411.0;22;0;0.0
5412.0;22;0;0.0
5413.0;22;0;0.0
5414.0;22;0;0.0
5415.0;22;0;0.0
5416.0;22;0;0.0
5417.0;22;0;0.0
5418.0;22;0;0.0
5419.0;22;0;0.0
5420.0;22;0;0.0
5421.0;22;0;0.0
5422.0;22;0;0.0
5423.0;22;0;0.0
5424.0;22;0;0.0
5425.0;22;0;0.0
5426.0;22;0;0.0
5427.0;22;0;0.0
5428.0;22;0;0.0
5429.0;22;0;0.0
5430.0;22;0;0.0
5431.0;22;0;0.0
5432.0;22;0;0.0
5433.0;22;0;0.0
5434.0;22;0;0.0
5435.0;22;0;0.0
5436.0;22;0;0.0
5437.0;22;0;0.0
5438.0;22;0;0.0
5439.0;22;0;0.0
5440.0;22;0;0.0
5441.0;22;0;0.0
5442.0;22;0;0.0
5443.0;22;0;0.0
5444.0;22;0;0.0
5445.0;22;0;0.0
5446.0;22;0;0.0
5447.0;22;0;0.0
5448.0;22;0;0.0
5449.0;22;0;0.0
5450.0;22;0;0.0
5451.0;22;0;0.0
5452.0;22;0;0.0
5453.0;22;0;0.0
5454.0;22;0;0.0
5455.0;22;0;0.0
5456.0;22;0;0.0
5457.0;22;0;0.0
5458.0;22;0;0.0
5459.0;22;0;0.0
5460.0;22;0;0.0
5461.0;22;0;0.0
5462.0;22;0;0.0
5463.0;22;0;0.0
5464.0;22;0;0.0
5465.0;22;0;0.0
5466.0;22;0;0.0
5467.0;22;0;0.0
5468.0;22;0;0.0
5469.0;22;0;0.0
5470.0;22;0;0.0
5471.0;22;0;0.0
5472.0;22;0;0.0
5473.0;22;0;0.0
5474.0;22;0;0.0
5475.0;22;0;0.0
5476.0;22;0;0.0
5477.0;22;0;0.0
5478.0;22;0;0.0
5479.0;22;0;0.0
5480.0;22;0;0.0
5481.0;22;0;0.0
5482.0;22;0;0.0
5483.0;22;0;0.0
5484.0;22;0;0.0
5485.0;22;0;0.0
5486.0;22;0;0.0
5487.0;22;0;0.0
5488.0;22;0;0.0
5489.0;22;0;0.0
5490.0;22;0;0.0
5491.0;22;0;0.0
5492.0;22;0;0.0
5493.0;22;0;0.0
5494.0;22;0;0.0
5495.0;22;0;0.0
5496.0;22;0;0.0
5497.0;22;0;0.0
5498.0;22;0;0.0
5499.0;22;0;0.0
5500.0;22;0;0.0
5501.0;22;0;0.0
5502.0;22;0;0.0
5503.0;22;0;0.0
5504.0;22;0;0.0
5505.0;22;0;0.0
5506.0;22;0;0.0
5507.0;22;0;0.0
5508.0;22;0;0.0
5509.0;22;0;0.0
5510.0;22;0;0.0
5511.0;22;0;0.0
5512.0;22;0;0.0
5513.0;22;0;0.0
5514.0;22;0;0.0
5515.0;22;0;0.0
5516.0;22;0;0.0
5517.0;22;0;0.0
5518.0;22;0;0.0
5519.0;22;0;0.0
5520.0;22;0;0.0
5521.0;22;0;0.0
5522.0;22;0;0.0
5523.0;22;0;0.0
5524.0;22;0;0.0
5525.0;22;0;0.0
5526.0;22;0;0.0
5527.0;22;0;0.0
5528.0;22;0;0.0
5529.0;22;0;0.0
5530.0;22;0;0.0
5531.0;22;0;0.0
5532.0;22;0;0.0
5533.0;22;0;0.0
5534.0;22;0;0.0
5535.0;22;0;0.0
5536.0;22;0;0.0
5537.0;22;0;0.0
5538.0;22;0;0.0
5539.0;22;0;0.0
5540.0;22;0;0.0
5541.0;22;0;0.0
5542.0;22;0;0.0
5543.0;22;0;0.0
5544.0;22;0;0.0
5545.0;22;0;0.0
5546.0;22;0;0.0
5547.0;22;0;0.0
5548.0;22;0;0.0
5549.0;22;0;0.0
5550.0;22;0;0.0
5551.0;22;0;0.0
5552.0;22;0;0.0
5553.0;22;0;0.0
5554.0;22;0;0.0
5555.0;22;0;0.0
5556.0;22;0;0.0
5557.0;22;0;0.0
5558.0;22;0;0.0
5559.0;22;0;0.0
5560.0;22;0;0.0
5561.0;22;0;0.0
5562.0;22;0;0.0
5563.0;22;0;0.0
5564.0;22;0;0.0
5565.0;22;0;0.0
5566.0;22;0;0.0
5567.0;22;0;0.0
5568.0;22;0;0.0
5569.0;22;0;0.0
5570.0;22;0;0.0
5571.0;22;0;0.0
5572.0;22;0;0.0
5573.0;22;0;0.0
5574.0;22;0;0.0
5575.0;22;0;0.0
5576.0;22;0;0.0
5577.0;22;0;0.0
5578.0;22;0;0.0
5579.0;22;0;0.0
5580.0;22;0;0.0
5581.0;22;0;0.0
5582.0;22;0;0.0
5583.0;22;0;0.0
5584.0;22;0;0.0
5585.0;22;0;0.0
5586.0;22;0;0.0
5587.0;22;0;0.0
5588.0;22;0;0.0
5589.0;22;0;0.0
5590.0;22;0;0.0
5591.0;22;0;0.0
5592.0;22;0;0.0
5593.0;22;0;0.0
5594.0;22;0;0.0
5595.0;22;0;0.0
5596.0;22;0;0.0
5597.0;22;0;0.0
5598.0;22;0;0.0
5599.0;22;0;0.0
5600.0;22;0;0.0
5601.0;22;0;0.0
5602.0;22;0;0.0
5603.0;22;0;0.0
5604.0;22;0;0.0
5605.0;22;0;0.0
5606.0;22;0;0.0
5607.0;22;0;0.0
5608.0;22;0;0.0
5609.0;22;0;0.0
5610.0;22;0;0.0
5611.0;22;0;0.0
5612.0;22;0;0.0
5613.0;22;0;0.0
5614.0;22;0;0.0
5615.0;22;0;0.0
5616.0;22;0;0.0
5617.0;22;0;0.0
5618.0;22;0;0.0
5619.0;22;0;0.0
5620.0;22;0;0.0
5621.0;22;0;0.0
5622.0;22;0;0.0
5623.0;22;0;0.0
5624.0;22;0;0.0
5625.0;22;0;0.0
5626.0;22;0;0.0
5627.0;22;0;0.0
5628.0;22;0;0.0
5629.0;22;0;0.0
5630.0;22;0;0.0
5631.0;22;0;0.0
5632.0;22;0;0.0
5633.0;22;0;0.0
5634.0;22;0;0.0
5635.0;22;0;0.0
5636.0;22;0;0.0
5637.0;22;0;0.0
5638.0;22;0;0.0
5639.0;22;0;0.0
5640.0;22;0;0.0
5641.0;22;0;0.0
5642.0;22;0;0.0
5643.0;22;0;0.0
5644.0;22;0;0.0
5645.0;22;0;0.0
5646.0;22;0;0.0
5647.0;22;0;0.0
5648.0;22;0;0.0
5649.0;22;0;0.0
5650.0;22;0;0.0
5651.0;22;0;0.0
5652.0;22;0;0.0
5653.0;22;0;0.0
5654.0;22;0;0.0
5655.0;22;0;0.0
5656.0;22;0;0.0
5657.0;22;0;0.0
5658.0;22;0;0.0
5659.0;22;0;0.0
5660.0;22;0;0.0
5661.0;22;0;0.0
5662.0;22;0;0.0
5663.0;22;0;0.0
5664.0;22;0;0.0
5665.0;22;0;0.0
5666.0;22;0;0.0
5667.0;22;0;0.0
5668.0;22;0;0.0
5669.0;22;0;0.0
5670.0;22;0;0.0
5671.0;22;0;0.0
5672.0;22;0;0.0
5673.0;22;0;0.0
5674.0;22;0;0.0
5675.0;22;0;0.0
5676.0;22;0;0.0
5677.0;22;0;0.0
5678.0;22;0;0.0
5679.0;22;0;0.0
5680.0;22;0;0.0
5681.0;22;0;0.0
5682.0;22;0;0.0
5683.0;22;0;0.0
5684.0;22;0;0.0
5685.0;22;0;0.0
5686.0;22;0;0.0
5687.0;22;0;0.0
5688.0;22;0;0.0
5689.0;22;0;0.0
5690.0;22;0;0.0
5691.0;22;0;0.0
5692.0;22;0;0.0
5693.0;22;0;0.0
5694.0;22;0;0.0
5695.0;22;0;0.0
5696.0;22;0;0.0
5697.0;22;0;0.0
5698.0;22;0;0.0
5699.0;22;0;0.0
5700.0;22;0;0.0
5701.0;22;0;0.0
5702.0;22;0;0.0
5703.0;22;0;0.0
5704.0;22;0;0.0
5705.0;22;0;0.0
5706.0;22;0;0.0
5707.0;22;0;0.0
5708.0;22;0;0.0
5709.0;22;0;0.0
5710.0;22;0;0.0
5711.0;22;0;0.0
5712.0;22;0;0.0
5713.0;22;0;0.0
5714.0;22;0;0.0
5715.0;22;0;0.0
5716.0;22;0;0.0
5717.0;22;0;0.0
5718.0;22;0;0.0
5719.0;22;0;0.0
5720.0;22;0;0.0
5721.0;22;0;0.0
5722.0;22;0;0.0
5723.0;22;0;0.0
5724.0;22;0;0.0
5725.0;22;0;0.0
5726.0;22;0;0.0
5727.0;22;0;0.0
5728.0;22;0;0.0
5729.0;22;0;0.0
5730.0;22;0;0.0
5731.0;22;0;0.0
5732.0;22;0;0.0
5733.0;22;0;0.0
5734.0;22;0;0.0
5735.0;22;0;0.0
5736.0;22;0;0.0
5737.0;22;0;0.0
5738.0;22;0;0.0
5739.0;22;0;0.0
5740.0;22;0;0.0
5741.0;22;0;0.0
5742.0;22;0;0.0
5743.0;22;0;0.0
5744.0;22;0;0.0
5745.0;22;0;0.0
5746.0;22;0;0.0
5747.0;22;0;0.0
5748.0;22;0;0.0
5749.0;22;0;0.0
5750.0;22;0;0.0
5751.0;22;0;0.0
5752.0;22;0;0.0
5753.0;22;0;0.0
5754.0;22;0;0.0
5755.0;22;0;0.0
5756.0;22;0;0.0
5757.0;22;0;0.0
5758.0;22;0;0.0
5759.0;22;0;0.0
5760.0;22;0;0.0
5761.0;22;0;0.0
5762.0;22;0;0.0
5763.0;22;0;0.0
5764.0;22;0;0.0
5765.0;22;0;0.0
5766.0;22;0;0.0
5767.0;22;0;0.0
5768.0;22;0;0.0
5769.0;22;0;0.0
5770.0;22;0;0.0
5771.0;22;0;0.0
5772.0;22;0;0.0
5773.0;22;0;0.0
5774.0;22;0;0.0
5775.0;22;0;0.0
5776.0;22;0;0.0
5777.0;22;0;0.0
5778.0;22;0;0.0
5779.0;22;0;0.0
5780.0;22;0;0.0
5781.0;22;0;0.0
5782.0;22;0;0.0
5783.0;22;0;0.0
5784.0;22;0;0.0
5785.0;22;0;0.0
5786.0;22;0;0.0
5787.0;22;0;0.0
5788.0;22;0;0.0
5789.0;22;0;0.0
5790.0;22;0;0.0
5791.0;22;0;0.0
5792.0;22;0;0.0
5793.0;22;0;0.0
5794.0;22;0;0.0
5795.0;22;0;0.0
5796.0;22;0;0.0
5797.0;22;0;0.0
5798.0;22;0;0.0
5799.0;22;0;0.0
5800.0;22;0;0.0
5801.0;22;0;0.0
5802.0;22;0;0.0
5803.0;22;0;0.0
5804.0;22;0;0.0
5805.0;22;0;0.0
5806.0;22;0;0.0
5807.0;22;0;0.0
5808.0;22;0;0.0
5809.0;22;0;0.0
5810.0;22;0;0.0
5811.0;22;0;0.0
5812.0;22;0;0.0
5813.0;22;0;0.0
5814.0;22;0;0.0
5815.0;22;0;0.0
5816.0;22;0;0.0
5817.0;22;0;0.0
5818.0;22;0;0.0
5819.0;22;0;0.0
5820.0;22;0;0.0
5821.0;22;0;0.0
5822.0;22;0;0.0
5823.0;22;0;0.0
5824.0;22;0;0.0
5825.0;22;0;0.0
5826.0;22;0;0.0
5827.0;22;0;0.0
5828.0;22;0;0.0
5829.0;22;0;0.0
5830.0;22;0;0.0
5831.0;22;0;0.0
5832.0;22;0;0.0
5833.0;22;0;0.0
5834.0;22;0;0.0
5835.0;22;0;0.0
5836.0;22;0;0.0
5837.0;22;0;0.0
5838.0;22;0;0.0
5839.0;22;0;0.0
5840.0;22;0;0.0
5841.0;22;0;0.0
5842.0;22;0;0.0
5843.0;22;0;0.0
5844.0;22;0;0.0
5845.0;22;0;0.0
5846.0;22;0;0.0
5847.0;22;0;0.0
5848.0;22;0;0.0
5849.0;22;0;0.0
5850.0;22;0;0.0
5851.0;22;0;0.0
5852.0;22;0;0.0
5853.0;22;0;0.0
5854.0;22;0;0.0
5855.0;22;0;0.0
5856.0;22;0;0.0
5857.0;22;0;0.0
5858.0;22;0;0.0
5859.0;22;0;0.0
5860.0;22;0;0.0
5861.0;22;0;0.0
5862.0;22;0;0.0
5863.0;22;0;0.0
5864.0;22;0;0.0
5865.0;22;0;0.0
5866.0;22;0;0.0
5867.0;22;0;0.0
5868.0;22;0;0.0
5869.0;22;0;0.0
5870.0;22;0;0.0
5871.0;22;0;0.0
5872.0;22;0;0.0
5873.0;22;0;0.0
5874.0;22;0;0.0
5875.0;22;0;0.0
5876.0;22;0;0.0
5877.0;22;0;0.0
5878.0;22;0;0.0
5879.0;22;0;0.0
5880.0;22;0;0.0
5881.0;22;0;0.0
5882.0;22;0;0.0
5883.0;22;0;0.0
5884.0;22;0;0.0
5885.0;22;0;0.0
5886.0;22;0;0.0
5887.0;22;0;0.0
5888.0;22;0;0.0
5889.0;22;0;0.0
5890.0;22;0;0.0
5891.0;22;0;0.0
5892.0;22;0;0.0
5893.0;22;0;0.0
5894.0;22;0;0.0
5895.0;22;0;0.0
5896.0;22;0;0.0
5897.0;22;0;0.0
5898.0;22;0;0.0
5899.0;22;0;0.0
5900.0;22;0;0.0
5901.0;22;0;0.0
5902.0;22;0;0.0
5903.0;22;0;0.0
5904.0;22;0;0.0
5905.0;22;0;0.0
5906.0;22;0;0.0
5907.0;22;0;0.0
5908.0;22;0;0.0
5909.0;22;0;0.0
5910.0;22;0;0.0
5911.0;22;0;0.0
5912.0;22;0;0.0
5913.0;22;0;0.0
5914.0;22;0;0.0
5915.0;22;0;0.0
5916.0;22;0;0.0
5917.0;22;0;0.0
5918.0;22;0;0.0
5919.0;22;0;0.0
5920.0;22;0;0.0
5921.0;22;0;0.0
5922.0;22;0;0.0
5923.0;22;0;0.0
5924.0;22;0;0.0
5925.0;22;0;0.0
5926.0;22;0;0.0
5927.0;22;0;0.0
5928.0;22;0;0.0
5929.0;22;0;0.0
5930.0;22;0;0.0
5931.0;22;0;0.0
5932.0;22;0;0.0
5933.0;22;0;0.0
5934.0;22;0;0.0
5935.0;22;0;0.0
5936.0;22;0;0.0
5937.0;22;0;0.0
5938.0;22;0;0.0
5939.0;22;0;0.0
5940.0;22;0;0.0
5941.0;22;0;0.0
5942.0;22;0;0.0
5943.0;22;0;0.0
5944.0;22;0;0.0
5945.0;22;0;0.0
5946.0;22;0;0.0
5947.0;22;0;0.0
5948.0;22;0;0.0
5949.0;22;0;0.0
5950.0;22;0;0.0
5951.0;22;0;0.0
5952.0;22;0;0.0
5953.0;22;0;0.0
5954.0;22;0;0.0
5955.0;22;0;0.0
5956.0;22;0;0.0
5957.0;22;0;0.0
5958.0;22;0;0.0
5959.0;22;0;0.0
5960.0;22;0;0.0
5961.0;22;0;0.0
5962.0;22;0;0.0
5963.0;22;0;0.0
5964.0;22;0;0.0
5965.0;22;0;0.0
5966.0;22;0;0.0
5967.0;22;0;0.0
5968.0;22;0;0.0
5969.0;22;0;0.0
5970.0;22;0;0.0
5971.0;22;0;0.0
5972.0;22;0;0.0
5973.0;22;0;0.0
5974.0;22;0;0.0
5975.0;22;0;0.0
5976.0;22;0;0.0
5977.0;22;0;0.0
5978.0;22;0;0.0
5979.0;22;0;0.0
5980.0;22;0;0.0
5981.0;22;0;0.0
5982.0;22;0;0.0
5983.0;22;0;0.0
5984.0;22;0;0.0
5985.0;22;0;0.0
5986.0;22;0;0.0
5987.0;22;0;0.0
5988.0;22;0;0.0
5989.0;22;0;0.0
5990.0;22;0;0.0
5991.0;22;0;0.0
5992.0;22;0;0.0
5993.0;22;0;0.0
5994.0;22;0;0.0
5995.0;22;0;0.0
5996.0;22;0;0.0
5997.0;22;0;0.0
5998.0;22;0;0.0
5999.0;22;0;0.0
6000.0;22;0;0.0
6000.0;22;0;0.0
