"tick";"NNCardinality";"NSCardinality";"AvgCompNonRegulatedNorms"
0.0;0;0;0.0
1.0;0;0;0.0
2.0;0;0;0.0
3.0;0;0;0.0
4.0;0;0;0.0
5.0;0;0;0.0
6.0;0;0;0.0
7.0;0;0;0.0
8.0;0;0;0.0
9.0;0;0;0.0
10.0;0;0;0.0
11.0;0;0;0.0
12.0;0;0;0.0
13.0;0;0;0.0
14.0;0;0;0.0
15.0;0;0;0.0
16.0;0;0;0.0
17.0;0;0;0.0
18.0;0;0;0.0
19.0;0;0;0.0
20.0;0;0;0.0
21.0;0;0;0.0
22.0;0;0;0.0
23.0;0;0;0.0
24.0;0;0;0.0
25.0;0;0;0.0
26.0;0;0;0.0
27.0;0;0;0.0
28.0;0;0;0.0
29.0;0;0;0.0
30.0;0;0;0.0
31.0;0;0;0.0
32.0;0;0;0.0
33.0;0;0;0.0
34.0;0;0;0.0
35.0;0;0;0.0
36.0;0;0;0.0
37.0;0;0;0.0
38.0;0;0;0.0
39.0;0;0;0.0
40.0;0;0;0.0
41.0;0;0;0.0
42.0;0;0;0.0
43.0;0;0;0.0
44.0;0;0;0.0
45.0;0;0;0.0
46.0;0;0;0.0
47.0;0;0;0.0
48.0;0;0;0.0
49.0;0;0;0.0
50.0;0;0;0.0
51.0;0;0;0.0
52.0;0;0;0.0
53.0;0;0;0.0
54.0;0;0;0.0
55.0;0;0;0.0
56.0;0;0;0.0
57.0;0;0;0.0
58.0;0;0;0.0
59.0;0;0;0.0
60.0;0;0;0.0
61.0;0;0;0.0
62.0;0;0;0.0
63.0;0;0;0.0
64.0;0;0;0.0
65.0;0;0;0.0
66.0;0;0;0.0
67.0;0;0;0.0
68.0;0;0;0.0
69.0;0;0;0.0
70.0;0;0;0.0
71.0;0;0;0.0
72.0;0;0;0.0
73.0;0;0;0.0
74.0;0;0;0.0
75.0;0;0;0.0
76.0;0;0;0.0
77.0;0;0;0.0
78.0;0;0;0.0
79.0;0;0;0.0
80.0;0;0;0.0
81.0;0;0;0.0
82.0;0;0;0.0
83.0;0;0;0.0
84.0;0;0;0.0
85.0;0;0;0.0
86.0;0;0;0.0
87.0;0;0;0.0
88.0;0;0;0.0
89.0;0;0;0.0
90.0;0;0;0.0
91.0;0;0;0.0
92.0;0;0;0.0
93.0;0;0;0.0
94.0;0;0;0.0
95.0;0;0;0.0
96.0;0;0;0.0
97.0;0;0;0.0
98.0;0;0;0.0
99.0;0;0;0.0
100.0;0;0;0.0
101.0;0;0;0.0
102.0;0;0;0.0
103.0;0;0;0.0
104.0;0;0;0.0
105.0;0;0;0.0
106.0;0;0;0.0
107.0;0;0;0.0
108.0;0;0;0.0
109.0;0;0;0.0
110.0;0;0;0.0
111.0;0;0;0.0
112.0;0;0;0.0
113.0;0;0;0.0
114.0;0;0;0.0
115.0;0;0;0.0
116.0;0;0;0.0
117.0;0;0;0.0
118.0;0;0;0.0
119.0;0;0;0.0
120.0;0;0;0.0
121.0;0;0;0.0
122.0;0;0;0.0
123.0;0;0;0.0
124.0;0;0;0.0
125.0;0;0;0.0
126.0;0;0;0.0
127.0;0;0;0.0
128.0;0;0;0.0
129.0;0;0;0.0
130.0;0;0;0.0
131.0;0;0;0.0
132.0;0;0;0.0
133.0;0;0;0.0
134.0;0;0;0.0
135.0;0;0;0.0
136.0;0;0;0.0
137.0;0;0;0.0
138.0;0;0;0.0
139.0;0;0;0.0
140.0;0;0;0.0
141.0;0;0;0.0
142.0;0;0;0.0
143.0;0;0;0.0
144.0;0;0;0.0
145.0;0;0;0.0
146.0;0;0;0.0
147.0;0;0;0.0
148.0;0;0;0.0
149.0;0;0;0.0
150.0;0;0;0.0
151.0;0;0;0.0
152.0;0;0;0.0
153.0;0;0;0.0
154.0;0;0;0.0
155.0;0;0;0.0
156.0;0;0;0.0
157.0;0;0;0.0
158.0;0;0;0.0
159.0;0;0;0.0
160.0;0;0;0.0
161.0;0;0;0.0
162.0;0;0;0.0
163.0;0;0;0.0
164.0;0;0;0.0
165.0;0;0;0.0
166.0;0;0;0.0
167.0;0;0;0.0
168.0;0;0;0.0
169.0;0;0;0.0
170.0;0;0;0.0
171.0;0;0;0.0
172.0;0;0;0.0
173.0;0;0;0.0
174.0;0;0;0.0
175.0;0;0;0.0
176.0;0;0;0.0
177.0;0;0;0.0
178.0;0;0;0.0
179.0;0;0;0.0
180.0;0;0;0.0
181.0;0;0;0.0
182.0;0;0;0.0
183.0;0;0;0.0
184.0;0;0;0.0
185.0;0;0;0.0
186.0;0;0;0.0
187.0;0;0;0.0
188.0;0;0;0.0
189.0;0;0;0.0
190.0;0;0;0.0
191.0;0;0;0.0
192.0;0;0;0.0
193.0;0;0;0.0
194.0;0;0;0.0
195.0;0;0;0.0
196.0;0;0;0.0
197.0;0;0;0.0
198.0;0;0;0.0
199.0;0;0;0.0
200.0;0;0;0.0
201.0;0;0;0.0
202.0;0;0;0.0
203.0;0;0;0.0
204.0;0;0;0.0
205.0;0;0;0.0
206.0;0;0;0.0
207.0;0;0;0.0
208.0;0;0;0.0
209.0;0;0;0.0
210.0;0;0;0.0
211.0;0;0;0.0
212.0;0;0;0.0
213.0;0;0;0.0
214.0;0;0;0.0
215.0;0;0;0.0
216.0;0;0;0.0
217.0;0;0;0.0
218.0;0;0;0.0
219.0;0;0;0.0
220.0;0;0;0.0
221.0;0;0;0.0
222.0;0;0;0.0
223.0;0;0;0.0
224.0;0;0;0.0
225.0;0;0;0.0
226.0;0;0;0.0
227.0;0;0;0.0
228.0;0;0;0.0
229.0;0;0;0.0
230.0;0;0;0.0
231.0;0;0;0.0
232.0;0;0;0.0
233.0;0;0;0.0
234.0;0;0;0.0
235.0;0;0;0.0
236.0;0;0;0.0
237.0;0;0;0.0
238.0;0;0;0.0
239.0;0;0;0.0
240.0;0;0;0.0
241.0;0;0;0.0
242.0;0;0;0.0
243.0;0;0;0.0
244.0;0;0;0.0
245.0;0;0;0.0
246.0;0;0;0.0
247.0;0;0;0.0
248.0;0;0;0.0
249.0;0;0;0.0
250.0;0;0;0.0
251.0;0;0;0.0
252.0;0;0;0.0
253.0;0;0;0.0
254.0;0;0;0.0
255.0;0;0;0.0
256.0;0;0;0.0
257.0;0;0;0.0
258.0;0;0;0.0
259.0;0;0;0.0
260.0;0;0;0.0
261.0;0;0;0.0
262.0;0;0;0.0
263.0;0;0;0.0
264.0;0;0;0.0
265.0;0;0;0.0
266.0;0;0;0.0
267.0;0;0;0.0
268.0;0;0;0.0
269.0;0;0;0.0
270.0;0;0;0.0
271.0;0;0;0.0
272.0;0;0;0.0
273.0;0;0;0.0
274.0;0;0;0.0
275.0;0;0;0.0
276.0;0;0;0.0
277.0;0;0;0.0
278.0;0;0;0.0
279.0;0;0;0.0
280.0;0;0;0.0
281.0;0;0;0.0
282.0;0;0;0.0
283.0;0;0;0.0
284.0;0;0;0.0
285.0;0;0;0.0
286.0;0;0;0.0
287.0;0;0;0.0
288.0;0;0;0.0
289.0;0;0;0.0
290.0;0;0;0.0
291.0;0;0;0.0
292.0;0;0;0.0
293.0;0;0;0.0
294.0;0;0;0.0
295.0;0;0;0.0
296.0;0;0;0.0
297.0;0;0;0.0
298.0;0;0;0.0
299.0;0;0;0.0
300.0;0;0;0.0
301.0;0;0;0.0
302.0;0;0;0.0
303.0;0;0;0.0
304.0;0;0;0.0
305.0;0;0;0.0
306.0;0;0;0.0
307.0;0;0;0.0
308.0;0;0;0.0
309.0;0;0;0.0
310.0;0;0;0.0
311.0;0;0;0.0
312.0;0;0;0.0
313.0;0;0;0.0
314.0;0;0;0.0
315.0;0;0;0.0
316.0;0;0;0.0
317.0;0;0;0.0
318.0;0;0;0.0
319.0;0;0;0.0
320.0;0;0;0.0
321.0;0;0;0.0
322.0;0;0;0.0
323.0;0;0;0.0
324.0;0;0;0.0
325.0;0;0;0.0
326.0;0;0;0.0
327.0;0;0;0.0
328.0;0;0;0.0
329.0;0;0;0.0
330.0;0;0;0.0
331.0;0;0;0.0
332.0;0;0;0.0
333.0;0;0;0.0
334.0;0;0;0.0
335.0;0;0;0.0
336.0;0;0;0.0
337.0;0;0;0.0
338.0;0;0;0.0
339.0;0;0;0.0
340.0;0;0;0.0
341.0;0;0;0.0
342.0;0;0;0.0
343.0;0;0;0.0
344.0;0;0;0.0
345.0;0;0;0.0
346.0;0;0;0.0
347.0;0;0;0.0
348.0;0;0;0.0
349.0;0;0;0.0
350.0;0;0;0.0
351.0;0;0;0.0
352.0;0;0;0.0
353.0;0;0;0.0
354.0;0;0;0.0
355.0;0;0;0.0
356.0;0;0;0.0
357.0;0;0;0.0
358.0;0;0;0.0
359.0;0;0;0.0
360.0;0;0;0.0
361.0;0;0;0.0
362.0;0;0;0.0
363.0;0;0;0.0
364.0;0;0;0.0
365.0;0;0;0.0
366.0;0;0;0.0
367.0;0;0;0.0
368.0;0;0;0.0
369.0;0;0;0.0
370.0;0;0;0.0
371.0;0;0;0.0
372.0;0;0;0.0
373.0;0;0;0.0
374.0;0;0;0.0
375.0;0;0;0.0
376.0;0;0;0.0
377.0;0;0;0.0
378.0;0;0;0.0
379.0;0;0;0.0
380.0;0;0;0.0
381.0;0;0;0.0
382.0;0;0;0.0
383.0;0;0;0.0
384.0;0;0;0.0
385.0;0;0;0.0
386.0;0;0;0.0
387.0;0;0;0.0
388.0;0;0;0.0
389.0;0;0;0.0
390.0;0;0;0.0
391.0;0;0;0.0
392.0;0;0;0.0
393.0;0;0;0.0
394.0;0;0;0.0
395.0;0;0;0.0
396.0;0;0;0.0
397.0;0;0;0.0
398.0;0;0;0.0
399.0;0;0;0.0
400.0;0;0;0.0
401.0;0;0;0.0
402.0;0;0;0.0
403.0;0;0;0.0
404.0;0;0;0.0
405.0;0;0;0.0
406.0;0;0;0.0
407.0;0;0;0.0
408.0;0;0;0.0
409.0;0;0;0.0
410.0;0;0;0.0
411.0;0;0;0.0
412.0;0;0;0.0
413.0;0;0;0.0
414.0;0;0;0.0
415.0;0;0;0.0
416.0;0;0;0.0
417.0;0;0;0.0
418.0;0;0;0.0
419.0;0;0;0.0
420.0;0;0;0.0
421.0;0;0;0.0
422.0;0;0;0.0
423.0;0;0;0.0
424.0;0;0;0.0
425.0;0;0;0.0
426.0;0;0;0.0
427.0;0;0;0.0
428.0;0;0;0.0
429.0;0;0;0.0
430.0;0;0;0.0
431.0;0;0;0.0
432.0;0;0;0.0
433.0;0;0;0.0
434.0;0;0;0.0
435.0;0;0;0.0
436.0;0;0;0.0
437.0;0;0;0.0
438.0;0;0;0.0
439.0;0;0;0.0
440.0;0;0;0.0
441.0;0;0;0.0
442.0;0;0;0.0
443.0;0;0;0.0
444.0;0;0;0.0
445.0;0;0;0.0
446.0;0;0;0.0
447.0;0;0;0.0
448.0;0;0;0.0
449.0;0;0;0.0
450.0;0;0;0.0
451.0;0;0;0.0
452.0;0;0;0.0
453.0;0;0;0.0
454.0;0;0;0.0
455.0;0;0;0.0
456.0;0;0;0.0
457.0;0;0;0.0
458.0;0;0;0.0
459.0;0;0;0.0
460.0;0;0;0.0
461.0;0;0;0.0
462.0;0;0;0.0
463.0;0;0;0.0
464.0;0;0;0.0
465.0;0;0;0.0
466.0;0;0;0.0
467.0;0;0;0.0
468.0;0;0;0.0
469.0;0;0;0.0
470.0;0;0;0.0
471.0;0;0;0.0
472.0;0;0;0.0
473.0;0;0;0.0
474.0;0;0;0.0
475.0;0;0;0.0
476.0;0;0;0.0
477.0;0;0;0.0
478.0;0;0;0.0
479.0;0;0;0.0
480.0;0;0;0.0
481.0;0;0;0.0
482.0;0;0;0.0
483.0;0;0;0.0
484.0;0;0;0.0
485.0;0;0;0.0
486.0;0;0;0.0
487.0;0;0;0.0
488.0;0;0;0.0
489.0;0;0;0.0
490.0;0;0;0.0
491.0;0;0;0.0
492.0;0;0;0.0
493.0;0;0;0.0
494.0;0;0;0.0
495.0;0;0;0.0
496.0;0;0;0.0
497.0;0;0;0.0
498.0;0;0;0.0
499.0;0;0;0.0
500.0;0;0;0.2
501.0;0;0;0.7
502.0;0;0;0.8
503.0;0;0;1.0
504.0;0;0;1.1
505.0;0;0;1.3
506.0;0;0;1.6
507.0;0;0;1.9
508.0;0;0;2.1
509.0;0;0;2.1
510.0;0;0;2.1
511.0;0;0;1.8
512.0;0;0;2.1
513.0;0;0;2.2
514.0;0;0;2.1
515.0;0;0;2.6
516.0;0;0;2.4
517.0;0;0;2.5
518.0;0;0;2.4
519.0;0;0;2.7
520.0;0;0;2.6
521.0;0;0;2.6
522.0;0;0;2.3
523.0;0;0;2.3
524.0;0;0;2.6
525.0;0;0;2.1
526.0;0;0;2.6
527.0;0;0;2.5
528.0;0;0;2.6
529.0;0;0;3.0
530.0;0;0;3.0
531.0;0;0;3.1
532.0;0;0;3.0
533.0;0;0;3.0
534.0;0;0;2.9
535.0;0;0;3.0
536.0;0;0;2.9
537.0;0;0;3.2
538.0;0;0;3.4
539.0;0;0;3.2
540.0;0;0;3.3
541.0;0;0;3.4
542.0;0;0;3.5
543.0;0;0;3.6
544.0;0;0;3.6
545.0;0;0;3.8
546.0;0;0;3.4
547.0;0;0;2.9
548.0;0;0;2.8
549.0;0;0;2.6
550.0;0;0;2.8
551.0;0;0;2.8
552.0;0;0;3.0
553.0;0;0;3.0
554.0;0;0;3.1
555.0;0;0;3.0
556.0;0;0;3.3
557.0;0;0;3.6
558.0;0;0;3.7
559.0;0;0;3.7
560.0;0;0;3.5
561.0;0;0;3.3
562.0;0;0;3.2
563.0;0;0;3.1
564.0;0;0;3.0
565.0;0;0;2.9
566.0;0;0;2.9
567.0;0;0;3.0
568.0;0;0;2.9
569.0;0;0;3.1
570.0;0;0;3.4
571.0;0;0;3.3
572.0;0;0;3.4
573.0;0;0;3.3
574.0;0;0;3.2
575.0;0;0;3.0
576.0;0;0;2.8
577.0;0;0;2.4
578.0;0;0;2.2
579.0;0;0;2.0
580.0;0;0;1.8
581.0;0;0;2.0
582.0;0;0;2.1
583.0;0;0;2.2
584.0;0;0;2.4
585.0;0;0;2.8
586.0;0;0;2.8
587.0;0;0;2.9
588.0;0;0;3.1
589.0;0;0;2.8
590.0;0;0;2.9
591.0;0;0;2.6
592.0;0;0;2.6
593.0;0;0;2.7
594.0;0;0;2.5
595.0;0;0;2.3
596.0;0;0;2.4
597.0;0;0;2.6
598.0;0;0;2.6
599.0;0;0;3.0
600.0;0;0;3.2
601.0;0;0;3.4
602.0;0;0;3.2
603.0;0;0;3.1
604.0;0;0;3.5
605.0;0;0;3.5
606.0;0;0;3.3
607.0;0;0;3.2
608.0;0;0;3.2
609.0;0;0;3.1
610.0;0;0;2.6
611.0;0;0;2.6
612.0;0;0;2.9
613.0;0;0;3.0
614.0;0;0;2.9
615.0;0;0;2.7
616.0;0;0;3.0
617.0;0;0;2.9
618.0;0;0;2.8
619.0;0;0;2.8
620.0;0;0;2.9
621.0;0;0;3.0
622.0;0;0;2.7
623.0;0;0;2.9
624.0;0;0;2.6
625.0;0;0;3.1
626.0;0;0;2.8
627.0;0;0;2.8
628.0;0;0;2.9
629.0;0;0;2.8
630.0;0;0;2.9
631.0;0;0;3.0
632.0;0;0;3.0
633.0;0;0;2.6
634.0;0;0;3.0
635.0;0;0;2.8
636.0;0;0;3.1
637.0;0;0;3.3
638.0;0;0;3.4
639.0;0;0;3.6
640.0;0;0;3.6
641.0;0;0;3.6
642.0;0;0;3.4
643.0;0;0;3.5
644.0;0;0;3.5
645.0;0;0;3.3
646.0;0;0;3.2
647.0;0;0;3.2
648.0;0;0;2.9
649.0;0;0;2.9
650.0;0;0;3.0
651.0;0;0;3.3
652.0;0;0;3.7
653.0;0;0;3.6
654.0;0;0;3.6
655.0;0;0;3.8
656.0;0;0;4.3
657.0;0;0;4.3
658.0;0;0;4.5
659.0;0;0;4.5
660.0;0;0;4.3
661.0;0;0;4.1
662.0;0;0;4.4
663.0;0;0;4.3
664.0;0;0;4.5
665.0;0;0;4.4
666.0;0;0;4.0
667.0;0;0;3.9
668.0;0;0;3.8
669.0;0;0;3.8
670.0;0;0;4.0
671.0;0;0;3.6
672.0;0;0;3.1
673.0;0;0;3.3
674.0;0;0;2.9
675.0;0;0;2.9
676.0;0;0;2.6
677.0;0;0;2.8
678.0;0;0;2.9
679.0;0;0;2.6
680.0;0;0;2.8
681.0;0;0;3.1
682.0;0;0;3.1
683.0;0;0;2.9
684.0;0;0;2.8
685.0;0;0;2.7
686.0;0;0;3.0
687.0;0;0;2.6
688.0;0;0;2.8
689.0;0;0;3.3
690.0;0;0;3.0
691.0;0;0;3.2
692.0;0;0;3.3
693.0;0;0;3.4
694.0;0;0;3.6
695.0;0;0;3.6
696.0;0;0;3.7
697.0;0;0;3.8
698.0;0;0;3.7
699.0;0;0;3.4
700.0;0;0;3.5
701.0;0;0;3.4
702.0;0;0;3.4
703.0;0;0;3.7
704.0;0;0;3.5
705.0;0;0;3.9
706.0;0;0;3.8
707.0;0;0;3.7
708.0;0;0;3.5
709.0;0;0;3.5
710.0;1;1;3.4
711.0;1;1;3.4
712.0;1;1;3.4
713.0;1;1;3.2
714.0;1;1;3.3
715.0;1;1;3.3
716.0;1;1;3.2
717.0;1;1;3.3
718.0;1;0;3.4
719.0;1;0;3.7
720.0;1;0;3.6
721.0;1;0;3.8
722.0;1;0;3.7
723.0;1;0;3.7
724.0;1;0;3.8
725.0;1;0;3.5
726.0;1;0;3.4
727.0;1;0;3.4
728.0;1;0;3.5
729.0;1;0;3.0
730.0;1;0;3.2
731.0;1;0;2.6
732.0;1;0;2.6
733.0;1;0;2.6
734.0;1;0;2.4
735.0;1;0;2.4
736.0;1;0;2.3
737.0;1;0;2.2
738.0;1;0;2.3
739.0;1;0;2.6
740.0;1;0;2.3
741.0;1;0;2.2
742.0;1;0;2.1
743.0;1;0;2.0
744.0;1;0;2.0
745.0;1;0;2.0
746.0;1;0;2.1
747.0;1;0;2.3
748.0;1;0;2.0
749.0;1;0;1.9
750.0;1;0;2.2
751.0;1;0;2.9
752.0;1;0;3.0
753.0;1;0;3.3
754.0;1;0;3.2
755.0;1;0;3.1
756.0;1;0;3.3
757.0;1;0;3.1
758.0;2;1;3.1
759.0;2;1;2.9
760.0;2;1;2.7
761.0;2;1;2.4
762.0;2;1;2.7
763.0;2;1;2.5
764.0;2;1;2.8
765.0;2;1;2.8
766.0;2;1;2.6
767.0;2;1;2.8
768.0;2;0;3.2
769.0;2;0;3.4
770.0;2;0;3.3
771.0;2;0;3.3
772.0;2;0;3.2
773.0;2;0;3.1
774.0;2;0;3.1
775.0;2;0;3.2
776.0;2;0;3.6
777.0;2;0;3.8
778.0;2;0;3.4
779.0;2;0;3.3
780.0;2;0;3.4
781.0;2;0;3.5
782.0;2;0;3.6
783.0;2;0;3.8
784.0;2;0;3.6
785.0;2;0;3.6
786.0;2;0;3.2
787.0;2;0;2.7
788.0;2;0;3.1
789.0;2;0;3.0
790.0;3;1;3.0
791.0;3;1;2.9
792.0;3;1;2.5
793.0;3;1;2.4
794.0;3;1;2.2
795.0;3;1;2.1
796.0;3;1;2.3
797.0;3;1;2.7
798.0;3;1;2.1
799.0;3;1;2.5
800.0;3;1;2.5
801.0;3;1;2.4
802.0;3;1;2.5
803.0;3;1;2.3
804.0;3;1;2.6
805.0;3;1;2.7
806.0;3;0;2.9
807.0;3;0;3.0
808.0;3;0;3.4
809.0;3;0;3.2
810.0;3;0;3.2
811.0;3;0;3.0
812.0;3;0;3.0
813.0;3;0;3.1
814.0;3;0;3.0
815.0;3;0;3.2
816.0;3;0;2.9
817.0;3;0;2.5
818.0;3;0;2.2
819.0;3;0;2.1
820.0;3;0;2.3
821.0;3;0;2.7
822.0;3;0;2.8
823.0;3;0;2.7
824.0;3;0;2.6
825.0;3;0;2.3
826.0;3;0;2.4
827.0;3;0;2.9
828.0;3;0;2.9
829.0;3;0;2.7
830.0;3;0;2.5
831.0;3;0;2.3
832.0;3;0;2.2
833.0;3;0;2.4
834.0;3;0;2.7
835.0;3;0;2.8
836.0;3;0;2.7
837.0;3;0;2.2
838.0;3;0;2.5
839.0;3;0;2.7
840.0;3;0;2.7
841.0;3;0;2.8
842.0;3;0;2.9
843.0;3;0;2.9
844.0;3;0;2.7
845.0;3;0;2.5
846.0;3;0;2.4
847.0;3;0;2.4
848.0;3;0;2.5
849.0;3;0;2.7
850.0;3;0;3.1
851.0;3;0;3.0
852.0;3;0;3.0
853.0;3;0;3.1
854.0;3;0;3.4
855.0;3;0;3.6
856.0;3;0;3.6
857.0;3;0;3.6
858.0;3;0;3.6
859.0;3;0;3.4
860.0;3;0;2.9
861.0;3;0;3.0
862.0;3;0;2.9
863.0;3;0;3.0
864.0;3;0;2.7
865.0;3;0;2.7
866.0;3;0;2.8
867.0;3;0;3.0
868.0;3;0;2.8
869.0;3;0;2.9
870.0;3;0;2.8
871.0;3;0;2.5
872.0;3;0;2.6
873.0;3;0;2.4
874.0;3;0;2.3
875.0;3;0;2.6
876.0;4;1;2.8
877.0;4;1;2.9
878.0;4;1;3.1
879.0;5;2;3.4
880.0;5;2;3.6
881.0;5;2;4.2
882.0;5;2;4.3
883.0;5;2;4.2
884.0;5;2;4.3
885.0;5;2;3.9
886.0;5;2;3.6
887.0;5;2;3.7
888.0;5;2;3.5
889.0;5;2;3.2
890.0;5;2;3.1
891.0;5;2;2.5
892.0;5;2;2.3
893.0;5;2;2.5
894.0;5;1;2.6
895.0;5;1;2.6
896.0;5;1;2.7
897.0;5;0;2.4
898.0;5;0;2.2
899.0;5;0;1.9
900.0;5;0;1.9
901.0;5;0;1.9
902.0;5;0;1.9
903.0;5;0;1.7
904.0;5;0;1.5
905.0;5;0;1.7
906.0;5;0;1.7
907.0;5;0;2.0
908.0;5;0;2.2
909.0;5;0;2.5
910.0;5;0;2.6
911.0;5;0;2.7
912.0;5;0;2.9
913.0;5;0;3.0
914.0;5;0;3.4
915.0;5;0;3.4
916.0;5;0;3.3
917.0;5;0;3.2
918.0;5;0;3.0
919.0;5;0;3.0
920.0;5;0;3.1
921.0;5;0;2.9
922.0;5;0;2.7
923.0;5;0;3.0
924.0;5;0;2.8
925.0;5;0;2.7
926.0;5;0;2.9
927.0;5;0;2.6
928.0;6;1;2.9
929.0;6;1;3.1
930.0;6;1;3.5
931.0;6;1;3.7
932.0;6;1;3.5
933.0;6;1;3.2
934.0;6;1;3.3
935.0;6;1;3.4
936.0;6;1;3.0
937.0;6;1;2.9
938.0;6;1;2.5
939.0;6;1;2.0
940.0;6;1;1.5
941.0;6;1;1.6
942.0;6;1;1.8
943.0;6;1;1.8
944.0;6;1;1.4
945.0;6;1;1.1
946.0;6;1;1.4
947.0;6;1;1.6
948.0;6;1;2.0
949.0;6;1;2.2
950.0;6;1;2.2
951.0;6;1;2.3
952.0;6;1;2.5
953.0;6;0;2.3
954.0;6;0;2.6
955.0;7;1;2.8
956.0;7;1;2.7
957.0;7;1;2.8
958.0;7;1;2.7
959.0;8;2;2.7
960.0;8;2;2.6
961.0;8;2;2.2
962.0;9;3;1.9
963.0;9;3;1.9
964.0;9;3;1.8
965.0;9;3;1.7
966.0;9;2;1.6
967.0;9;2;1.6
968.0;9;2;1.4
969.0;9;2;1.3
970.0;9;2;1.6
971.0;9;2;2.0
972.0;9;2;1.9
973.0;9;2;2.2
974.0;9;2;2.2
975.0;9;2;2.3
976.0;9;2;2.3
977.0;9;2;2.1
978.0;9;2;2.2
979.0;9;1;2.4
980.0;9;1;2.3
981.0;9;1;2.1
982.0;9;1;2.5
983.0;9;1;2.3
984.0;9;1;2.3
985.0;9;1;2.3
986.0;9;1;2.6
987.0;9;1;2.6
988.0;9;1;2.5
989.0;9;1;2.4
990.0;9;1;2.5
991.0;9;1;2.4
992.0;9;1;2.1
993.0;9;1;2.0
994.0;9;1;1.9
995.0;9;0;1.7
996.0;9;0;1.5
997.0;9;0;1.6
998.0;9;0;1.5
999.0;9;0;1.4
1000.0;9;0;1.2
1001.0;9;0;1.3
1002.0;9;0;1.3
1003.0;9;0;1.6
1004.0;9;0;1.6
1005.0;9;0;1.8
1006.0;9;0;1.6
1007.0;9;0;1.5
1008.0;9;0;1.6
1009.0;9;0;1.6
1010.0;9;0;1.4
1011.0;9;0;1.5
1012.0;9;0;1.7
1013.0;9;0;1.5
1014.0;9;0;1.4
1015.0;9;0;1.3
1016.0;9;0;1.5
1017.0;9;0;1.4
1018.0;9;0;1.6
1019.0;9;0;1.5
1020.0;9;0;1.9
1021.0;9;0;1.7
1022.0;9;0;1.5
1023.0;9;0;1.5
1024.0;9;0;1.8
1025.0;9;0;1.7
1026.0;9;0;1.5
1027.0;9;0;1.7
1028.0;9;0;1.7
1029.0;9;0;1.8
1030.0;9;0;1.5
1031.0;9;0;1.6
1032.0;9;0;1.5
1033.0;9;0;1.7
1034.0;9;0;1.6
1035.0;9;0;1.8
1036.0;9;0;2.1
1037.0;9;0;2.1
1038.0;9;0;2.1
1039.0;9;0;2.4
1040.0;9;0;2.5
1041.0;9;0;2.5
1042.0;9;0;2.7
1043.0;9;0;2.4
1044.0;9;0;2.3
1045.0;9;0;2.1
1046.0;9;0;2.2
1047.0;9;0;2.1
1048.0;9;0;2.2
1049.0;9;0;1.8
1050.0;9;0;1.8
1051.0;9;0;1.7
1052.0;9;0;1.8
1053.0;9;0;1.8
1054.0;9;0;1.9
1055.0;9;0;1.9
1056.0;9;0;1.6
1057.0;9;0;1.5
1058.0;9;0;1.1
1059.0;9;0;1.3
1060.0;9;0;1.3
1061.0;9;0;1.5
1062.0;9;0;1.6
1063.0;9;0;1.7
1064.0;9;0;1.6
1065.0;9;0;1.7
1066.0;9;0;1.8
1067.0;9;0;1.8
1068.0;9;0;1.9
1069.0;9;0;1.8
1070.0;9;0;1.8
1071.0;9;0;1.8
1072.0;9;0;1.5
1073.0;10;1;1.5
1074.0;10;1;1.4
1075.0;10;1;1.5
1076.0;10;1;1.5
1077.0;10;1;1.8
1078.0;10;1;1.9
1079.0;10;1;1.8
1080.0;10;1;2.0
1081.0;10;1;1.8
1082.0;10;1;1.8
1083.0;10;1;2.0
1084.0;10;1;2.1
1085.0;10;1;1.8
1086.0;10;1;1.6
1087.0;10;1;1.6
1088.0;10;1;1.6
1089.0;10;1;1.8
1090.0;10;1;1.5
1091.0;10;1;1.8
1092.0;10;1;1.7
1093.0;10;0;1.4
1094.0;10;0;1.6
1095.0;10;0;1.8
1096.0;10;0;2.2
1097.0;10;0;2.1
1098.0;10;0;2.1
1099.0;10;0;2.0
1100.0;10;0;2.2
1101.0;10;0;2.0
1102.0;10;0;2.2
1103.0;10;0;2.2
1104.0;10;0;2.1
1105.0;10;0;2.1
1106.0;10;0;1.9
1107.0;10;0;2.2
1108.0;10;0;2.1
1109.0;10;0;2.1
1110.0;10;0;1.8
1111.0;10;0;1.9
1112.0;10;0;1.8
1113.0;10;0;1.7
1114.0;10;0;1.8
1115.0;10;0;1.8
1116.0;10;0;1.7
1117.0;10;0;1.3
1118.0;10;0;1.3
1119.0;10;0;1.4
1120.0;10;0;1.7
1121.0;10;0;1.8
1122.0;10;0;1.7
1123.0;10;0;2.0
1124.0;10;0;1.9
1125.0;10;0;1.9
1126.0;10;0;1.9
1127.0;10;0;1.9
1128.0;10;0;1.9
1129.0;10;0;2.0
1130.0;10;0;1.9
1131.0;10;0;1.8
1132.0;10;0;2.2
1133.0;10;0;2.2
1134.0;10;0;2.0
1135.0;10;0;2.0
1136.0;10;0;2.2
1137.0;10;0;2.1
1138.0;10;0;2.0
1139.0;10;0;1.8
1140.0;10;0;1.9
1141.0;10;0;2.0
1142.0;10;0;1.7
1143.0;10;0;1.7
1144.0;10;0;2.1
1145.0;10;0;2.2
1146.0;10;0;2.0
1147.0;10;0;2.2
1148.0;10;0;2.3
1149.0;10;0;2.2
1150.0;10;0;2.2
1151.0;10;0;1.9
1152.0;10;0;2.1
1153.0;10;0;2.1
1154.0;10;0;1.8
1155.0;10;0;1.5
1156.0;10;0;1.4
1157.0;10;0;1.2
1158.0;10;0;1.3
1159.0;10;0;1.4
1160.0;10;0;1.5
1161.0;10;0;1.5
1162.0;10;0;1.4
1163.0;10;0;1.5
1164.0;10;0;1.5
1165.0;10;0;1.5
1166.0;10;0;1.8
1167.0;10;0;1.9
1168.0;10;0;2.0
1169.0;10;0;2.1
1170.0;10;0;1.8
1171.0;10;0;2.0
1172.0;10;0;2.2
1173.0;10;0;1.8
1174.0;10;0;2.4
1175.0;10;0;2.7
1176.0;10;0;2.6
1177.0;10;0;2.7
1178.0;10;0;2.7
1179.0;10;0;2.7
1180.0;10;0;2.7
1181.0;10;0;2.4
1182.0;10;0;2.0
1183.0;10;0;2.2
1184.0;10;0;1.5
1185.0;10;0;1.4
1186.0;10;0;1.3
1187.0;10;0;1.3
1188.0;10;0;1.0
1189.0;10;0;0.9
1190.0;10;0;0.9
1191.0;10;0;1.0
1192.0;10;0;1.0
1193.0;10;0;1.1
1194.0;10;0;1.3
1195.0;10;0;1.3
1196.0;10;0;1.5
1197.0;10;0;1.3
1198.0;10;0;1.6
1199.0;10;0;1.5
1200.0;10;0;1.6
1201.0;10;0;1.8
1202.0;10;0;1.8
1203.0;10;0;1.6
1204.0;10;0;1.5
1205.0;10;0;1.4
1206.0;10;0;1.4
1207.0;10;0;1.4
1208.0;10;0;1.4
1209.0;10;0;1.5
1210.0;10;0;1.5
1211.0;10;0;1.2
1212.0;10;0;1.4
1213.0;10;0;1.6
1214.0;10;0;1.9
1215.0;10;0;1.9
1216.0;10;0;1.7
1217.0;10;0;1.8
1218.0;10;0;1.7
1219.0;10;0;1.6
1220.0;10;0;1.6
1221.0;10;0;1.7
1222.0;10;0;1.6
1223.0;10;0;1.6
1224.0;10;0;1.4
1225.0;10;0;1.5
1226.0;10;0;1.7
1227.0;10;0;1.7
1228.0;10;0;1.7
1229.0;10;0;1.9
1230.0;10;0;2.0
1231.0;10;0;2.1
1232.0;10;0;2.1
1233.0;10;0;1.9
1234.0;11;1;1.8
1235.0;11;1;2.0
1236.0;11;1;1.8
1237.0;11;1;1.9
1238.0;11;1;1.8
1239.0;11;1;1.8
1240.0;11;1;1.7
1241.0;11;1;1.7
1242.0;11;1;1.6
1243.0;11;1;1.6
1244.0;11;1;1.6
1245.0;11;1;1.2
1246.0;11;0;1.1
1247.0;11;0;1.0
1248.0;11;0;0.9
1249.0;11;0;0.7
1250.0;11;0;0.6
1251.0;11;0;0.4
1252.0;11;0;0.4
1253.0;11;0;0.3
1254.0;11;0;0.4
1255.0;11;0;0.7
1256.0;11;0;0.7
1257.0;11;0;0.7
1258.0;11;0;0.7
1259.0;11;0;0.8
1260.0;11;0;0.7
1261.0;11;0;1.0
1262.0;11;0;1.3
1263.0;11;0;1.5
1264.0;11;0;1.3
1265.0;11;0;1.0
1266.0;11;0;1.2
1267.0;11;0;1.2
1268.0;11;0;1.3
1269.0;11;0;1.3
1270.0;11;0;1.4
1271.0;11;0;1.3
1272.0;11;0;1.3
1273.0;11;0;1.3
1274.0;11;0;1.6
1275.0;11;0;1.7
1276.0;11;0;1.9
1277.0;11;0;1.8
1278.0;11;0;1.8
1279.0;11;0;1.8
1280.0;11;0;1.8
1281.0;11;0;2.0
1282.0;11;0;1.8
1283.0;11;0;2.0
1284.0;11;0;1.8
1285.0;11;0;1.7
1286.0;11;0;1.4
1287.0;11;0;1.5
1288.0;11;0;1.4
1289.0;11;0;1.4
1290.0;11;0;1.3
1291.0;11;0;1.0
1292.0;11;0;1.2
1293.0;11;0;0.9
1294.0;11;0;1.0
1295.0;11;0;1.0
1296.0;11;0;0.9
1297.0;11;0;0.8
1298.0;11;0;0.9
1299.0;11;0;1.0
1300.0;11;0;1.0
1301.0;11;0;1.3
1302.0;11;0;1.0
1303.0;12;1;1.3
1304.0;12;1;1.2
1305.0;12;1;1.3
1306.0;12;1;1.4
1307.0;12;1;1.6
1308.0;12;1;1.7
1309.0;12;1;1.5
1310.0;12;1;1.6
1311.0;12;1;1.2
1312.0;12;1;1.2
1313.0;12;1;1.0
1314.0;12;1;1.1
1315.0;12;1;1.1
1316.0;12;1;1.2
1317.0;12;1;1.1
1318.0;13;2;1.2
1319.0;13;2;1.3
1320.0;13;2;1.4
1321.0;13;2;1.5
1322.0;13;2;1.6
1323.0;13;2;1.5
1324.0;13;2;1.3
1325.0;13;2;1.2
1326.0;13;1;1.3
1327.0;13;1;1.4
1328.0;13;1;1.1
1329.0;13;1;1.0
1330.0;13;0;0.9
1331.0;13;0;1.0
1332.0;13;0;1.1
1333.0;13;0;1.1
1334.0;13;0;1.2
1335.0;13;0;1.2
1336.0;13;0;1.0
1337.0;13;0;1.0
1338.0;13;0;1.1
1339.0;13;0;1.2
1340.0;13;0;1.2
1341.0;13;0;1.0
1342.0;13;0;0.9
1343.0;13;0;1.0
1344.0;13;0;1.0
1345.0;13;0;1.0
1346.0;13;0;1.0
1347.0;13;0;0.9
1348.0;13;0;0.8
1349.0;13;0;0.9
1350.0;13;0;1.0
1351.0;13;0;1.1
1352.0;13;0;1.1
1353.0;13;0;1.1
1354.0;13;0;1.1
1355.0;13;0;1.3
1356.0;13;0;1.3
1357.0;13;0;1.4
1358.0;13;0;1.6
1359.0;13;0;1.5
1360.0;13;0;1.3
1361.0;13;0;1.2
1362.0;13;0;1.2
1363.0;13;0;1.2
1364.0;13;0;1.3
1365.0;13;0;1.2
1366.0;13;0;1.2
1367.0;13;0;1.1
1368.0;13;0;1.0
1369.0;13;0;1.2
1370.0;13;0;1.2
1371.0;13;0;1.4
1372.0;13;0;1.3
1373.0;13;0;1.1
1374.0;13;0;1.0
1375.0;13;0;1.0
1376.0;13;0;0.9
1377.0;13;0;1.1
1378.0;13;0;1.1
1379.0;13;0;1.0
1380.0;13;0;1.2
1381.0;13;0;1.1
1382.0;13;0;1.2
1383.0;13;0;1.3
1384.0;13;0;1.3
1385.0;13;0;1.2
1386.0;13;0;1.3
1387.0;13;0;1.1
1388.0;13;0;1.0
1389.0;13;0;1.0
1390.0;13;0;1.0
1391.0;13;0;1.3
1392.0;13;0;1.3
1393.0;13;0;1.3
1394.0;13;0;1.3
1395.0;13;0;1.3
1396.0;13;0;1.4
1397.0;13;0;1.3
1398.0;13;0;1.4
1399.0;13;0;1.2
1400.0;13;0;1.2
1401.0;13;0;0.9
1402.0;13;0;0.9
1403.0;13;0;0.9
1404.0;13;0;1.0
1405.0;13;0;1.1
1406.0;13;0;1.0
1407.0;13;0;1.1
1408.0;13;0;1.2
1409.0;13;0;1.3
1410.0;13;0;1.2
1411.0;13;0;1.1
1412.0;13;0;1.0
1413.0;13;0;1.1
1414.0;14;1;1.0
1415.0;14;1;1.1
1416.0;14;1;1.0
1417.0;14;1;0.9
1418.0;14;1;0.8
1419.0;14;1;0.8
1420.0;14;1;0.8
1421.0;14;1;0.8
1422.0;14;1;1.0
1423.0;14;1;0.9
1424.0;14;1;0.9
1425.0;14;0;0.7
1426.0;14;0;0.7
1427.0;14;0;0.7
1428.0;14;0;0.8
1429.0;14;0;0.9
1430.0;14;0;1.0
1431.0;14;0;1.1
1432.0;14;0;1.0
1433.0;14;0;0.9
1434.0;14;0;0.8
1435.0;14;0;1.0
1436.0;14;0;1.5
1437.0;14;0;1.6
1438.0;14;0;1.4
1439.0;14;0;1.3
1440.0;14;0;1.3
1441.0;14;0;1.3
1442.0;14;0;1.3
1443.0;14;0;1.7
1444.0;14;0;1.8
1445.0;14;0;1.6
1446.0;14;0;1.2
1447.0;14;0;1.1
1448.0;14;0;1.4
1449.0;14;0;1.5
1450.0;14;0;1.3
1451.0;14;0;1.2
1452.0;14;0;1.2
1453.0;14;0;0.9
1454.0;14;0;0.9
1455.0;14;0;0.9
1456.0;14;0;0.9
1457.0;14;0;0.9
1458.0;14;0;0.7
1459.0;14;0;0.5
1460.0;14;0;0.8
1461.0;14;0;0.9
1462.0;14;0;0.9
1463.0;14;0;0.9
1464.0;14;0;0.8
1465.0;14;0;1.0
1466.0;14;0;1.0
1467.0;14;0;1.0
1468.0;14;0;1.0
1469.0;14;0;1.0
1470.0;14;0;0.7
1471.0;14;0;0.6
1472.0;14;0;0.6
1473.0;14;0;0.5
1474.0;14;0;0.5
1475.0;14;0;0.5
1476.0;14;0;0.4
1477.0;14;0;0.5
1478.0;14;0;0.5
1479.0;14;0;0.6
1480.0;14;0;0.6
1481.0;14;0;0.6
1482.0;14;0;0.5
1483.0;14;0;0.6
1484.0;14;0;0.7
1485.0;14;0;0.6
1486.0;14;0;0.8
1487.0;14;0;0.9
1488.0;14;0;0.9
1489.0;14;0;0.8
1490.0;14;0;0.9
1491.0;14;0;1.1
1492.0;14;0;1.2
1493.0;14;0;1.3
1494.0;14;0;1.2
1495.0;14;0;1.1
1496.0;14;0;1.1
1497.0;14;0;0.9
1498.0;14;0;0.9
1499.0;14;0;0.9
1500.0;14;0;0.9
1501.0;14;0;0.7
1502.0;14;0;0.6
1503.0;14;0;0.5
1504.0;14;0;0.5
1505.0;14;0;0.6
1506.0;14;0;0.4
1507.0;14;0;0.6
1508.0;14;0;0.5
1509.0;14;0;0.7
1510.0;14;0;0.7
1511.0;14;0;0.7
1512.0;14;0;0.7
1513.0;14;0;0.7
1514.0;14;0;0.8
1515.0;14;0;1.0
1516.0;14;0;1.1
1517.0;14;0;1.1
1518.0;14;0;1.2
1519.0;14;0;1.0
1520.0;14;0;1.0
1521.0;14;0;1.0
1522.0;14;0;1.0
1523.0;14;0;1.1
1524.0;14;0;1.0
1525.0;14;0;0.7
1526.0;14;0;0.6
1527.0;14;0;0.4
1528.0;14;0;0.3
1529.0;14;0;0.4
1530.0;14;0;0.3
1531.0;14;0;0.5
1532.0;14;0;0.5
1533.0;15;1;0.4
1534.0;15;1;0.4
1535.0;15;1;0.5
1536.0;15;1;0.5
1537.0;15;1;0.5
1538.0;15;1;0.6
1539.0;15;1;0.6
1540.0;15;1;0.6
1541.0;15;1;0.4
1542.0;15;1;0.5
1543.0;15;1;0.5
1544.0;15;1;0.6
1545.0;15;1;0.5
1546.0;15;1;0.6
1547.0;15;1;0.6
1548.0;15;1;0.6
1549.0;15;1;0.5
1550.0;15;1;0.7
1551.0;15;1;0.7
1552.0;15;1;0.7
1553.0;15;1;0.7
1554.0;15;1;0.6
1555.0;15;1;0.7
1556.0;15;1;0.7
1557.0;15;1;0.8
1558.0;15;1;0.7
1559.0;15;1;0.9
1560.0;15;1;0.8
1561.0;15;1;0.9
1562.0;15;1;0.8
1563.0;15;1;0.9
1564.0;15;1;1.0
1565.0;15;1;1.0
1566.0;15;1;0.9
1567.0;15;0;0.9
1568.0;15;0;0.9
1569.0;15;0;0.7
1570.0;15;0;0.8
1571.0;15;0;0.7
1572.0;15;0;0.8
1573.0;16;2;0.8
1574.0;16;2;0.7
1575.0;16;2;0.7
1576.0;16;2;0.9
1577.0;16;2;0.9
1578.0;16;2;1.0
1579.0;16;2;1.0
1580.0;16;2;0.8
1581.0;16;2;0.9
1582.0;16;2;0.9
1583.0;16;2;0.8
1584.0;16;2;0.9
1585.0;16;2;0.9
1586.0;16;2;0.7
1587.0;16;1;0.8
1588.0;16;1;0.7
1589.0;16;1;0.8
1590.0;16;1;1.0
1591.0;16;1;0.9
1592.0;16;1;1.1
1593.0;16;1;1.1
1594.0;16;1;1.0
1595.0;16;1;1.0
1596.0;16;1;1.0
1597.0;16;1;0.9
1598.0;16;1;0.9
1599.0;16;1;0.8
1600.0;16;1;0.6
1601.0;16;1;0.8
1602.0;16;1;0.8
1603.0;16;1;0.9
1604.0;16;1;1.0
1605.0;16;1;0.9
1606.0;16;1;0.9
1607.0;16;1;0.8
1608.0;16;1;0.8
1609.0;16;1;0.8
1610.0;16;1;0.8
1611.0;16;1;0.7
1612.0;16;1;0.5
1613.0;16;1;0.4
1614.0;16;1;0.3
1615.0;16;1;0.3
1616.0;16;1;0.3
1617.0;16;1;0.5
1618.0;16;1;0.6
1619.0;16;1;0.6
1620.0;16;1;0.6
1621.0;16;1;0.6
1622.0;16;1;0.5
1623.0;16;1;0.4
1624.0;16;1;0.4
1625.0;16;1;0.4
1626.0;16;1;0.4
1627.0;16;1;0.3
1628.0;16;1;0.2
1629.0;16;1;0.4
1630.0;16;1;0.4
1631.0;16;0;0.4
1632.0;16;0;0.4
1633.0;16;0;0.5
1634.0;16;0;0.6
1635.0;16;0;0.6
1636.0;16;0;0.6
1637.0;16;0;0.6
1638.0;16;0;0.6
1639.0;16;0;0.4
1640.0;16;0;0.5
1641.0;16;0;0.5
1642.0;16;0;0.6
1643.0;16;0;0.5
1644.0;16;0;0.5
1645.0;16;0;0.5
1646.0;16;0;0.5
1647.0;16;0;0.4
1648.0;16;0;0.4
1649.0;16;0;0.4
1650.0;16;0;0.5
1651.0;16;0;0.5
1652.0;16;0;0.4
1653.0;16;0;0.5
1654.0;16;0;0.4
1655.0;16;0;0.4
1656.0;16;0;0.5
1657.0;16;0;0.8
1658.0;16;0;0.8
1659.0;16;0;0.9
1660.0;16;0;0.7
1661.0;16;0;0.7
1662.0;16;0;0.7
1663.0;16;0;0.6
1664.0;16;0;0.6
1665.0;16;0;0.7
1666.0;16;0;0.7
1667.0;16;0;0.4
1668.0;16;0;0.5
1669.0;16;0;0.4
1670.0;16;0;0.5
1671.0;16;0;0.5
1672.0;17;1;0.6
1673.0;17;1;0.7
1674.0;17;1;0.7
1675.0;17;1;0.6
1676.0;17;1;0.5
1677.0;17;1;0.7
1678.0;17;1;0.7
1679.0;17;1;0.7
1680.0;17;1;0.7
1681.0;17;1;0.8
1682.0;17;1;0.7
1683.0;17;1;0.6
1684.0;17;1;0.6
1685.0;17;1;0.8
1686.0;17;1;0.9
1687.0;17;1;0.8
1688.0;17;1;0.7
1689.0;17;1;0.7
1690.0;17;1;0.6
1691.0;17;1;0.5
1692.0;17;1;0.6
1693.0;17;1;0.6
1694.0;17;1;0.7
1695.0;17;1;0.5
1696.0;17;1;0.4
1697.0;17;1;0.5
1698.0;17;1;0.5
1699.0;17;1;0.6
1700.0;17;1;0.6
1701.0;17;1;0.6
1702.0;17;1;0.6
1703.0;17;1;0.6
1704.0;17;1;0.6
1705.0;17;1;1.0
1706.0;17;1;1.0
1707.0;17;1;0.8
1708.0;17;1;0.9
1709.0;17;0;0.9
1710.0;17;0;1.0
1711.0;17;0;1.0
1712.0;17;0;1.0
1713.0;17;0;1.1
1714.0;17;0;1.0
1715.0;17;0;0.6
1716.0;17;0;0.6
1717.0;17;0;0.7
1718.0;17;0;0.8
1719.0;17;0;0.7
1720.0;17;0;0.7
1721.0;17;0;0.7
1722.0;17;0;0.6
1723.0;17;0;0.6
1724.0;17;0;0.6
1725.0;17;0;0.6
1726.0;17;0;0.7
1727.0;17;0;0.7
1728.0;17;0;0.7
1729.0;17;0;0.7
1730.0;18;1;0.7
1731.0;18;1;0.7
1732.0;18;1;0.7
1733.0;18;1;0.6
1734.0;18;1;0.7
1735.0;18;1;0.7
1736.0;18;1;0.8
1737.0;18;1;0.7
1738.0;18;1;0.6
1739.0;18;1;0.6
1740.0;18;1;0.6
1741.0;18;1;0.6
1742.0;18;0;0.6
1743.0;18;0;0.6
1744.0;18;0;0.5
1745.0;18;0;0.5
1746.0;18;0;0.5
1747.0;18;0;0.5
1748.0;18;0;0.5
1749.0;18;0;0.5
1750.0;18;0;0.6
1751.0;18;0;0.5
1752.0;19;1;0.7
1753.0;19;1;0.7
1754.0;19;1;0.8
1755.0;19;1;0.8
1756.0;19;1;0.6
1757.0;19;1;0.6
1758.0;19;1;0.5
1759.0;19;1;0.5
1760.0;19;1;0.3
1761.0;19;1;0.4
1762.0;19;1;0.2
1763.0;19;1;0.2
1764.0;19;1;0.1
1765.0;19;1;0.1
1766.0;19;1;0.1
1767.0;19;0;0.1
1768.0;19;0;0.1
1769.0;19;0;0.1
1770.0;19;0;0.1
1771.0;19;0;0.0
1772.0;19;0;0.0
1773.0;19;0;0.0
1774.0;19;0;0.0
1775.0;19;0;0.0
1776.0;19;0;0.1
1777.0;19;0;0.1
1778.0;19;0;0.1
1779.0;19;0;0.1
1780.0;19;0;0.1
1781.0;19;0;0.1
1782.0;19;0;0.1
1783.0;19;0;0.1
1784.0;19;0;0.1
1785.0;19;0;0.1
1786.0;19;0;0.0
1787.0;19;0;0.0
1788.0;19;0;0.0
1789.0;19;0;0.0
1790.0;19;0;0.0
1791.0;19;0;0.0
1792.0;19;0;0.1
1793.0;19;0;0.1
1794.0;19;0;0.1
1795.0;19;0;0.1
1796.0;19;0;0.1
1797.0;19;0;0.1
1798.0;19;0;0.1
1799.0;19;0;0.1
1800.0;19;0;0.1
1801.0;19;0;0.1
1802.0;19;0;0.1
1803.0;19;0;0.1
1804.0;19;0;0.1
1805.0;19;0;0.1
1806.0;19;0;0.2
1807.0;19;0;0.2
1808.0;19;0;0.2
1809.0;19;0;0.2
1810.0;19;0;0.3
1811.0;19;0;0.3
1812.0;19;0;0.2
1813.0;19;0;0.2
1814.0;19;0;0.3
1815.0;19;0;0.3
1816.0;19;0;0.2
1817.0;19;0;0.3
1818.0;19;0;0.3
1819.0;19;0;0.3
1820.0;19;0;0.2
1821.0;19;0;0.2
1822.0;19;0;0.2
1823.0;19;0;0.3
1824.0;19;0;0.2
1825.0;19;0;0.2
1826.0;19;0;0.2
1827.0;19;0;0.2
1828.0;19;0;0.2
1829.0;19;0;0.2
1830.0;19;0;0.2
1831.0;19;0;0.2
1832.0;19;0;0.3
1833.0;19;0;0.2
1834.0;19;0;0.2
1835.0;19;0;0.2
1836.0;19;0;0.2
1837.0;19;0;0.3
1838.0;19;0;0.3
1839.0;19;0;0.3
1840.0;19;0;0.3
1841.0;19;0;0.3
1842.0;19;0;0.2
1843.0;19;0;0.2
1844.0;19;0;0.2
1845.0;19;0;0.2
1846.0;19;0;0.2
1847.0;19;0;0.0
1848.0;19;0;0.1
1849.0;19;0;0.1
1850.0;19;0;0.1
1851.0;19;0;0.2
1852.0;19;0;0.2
1853.0;19;0;0.3
1854.0;19;0;0.3
1855.0;19;0;0.3
1856.0;19;0;0.3
1857.0;19;0;0.3
1858.0;19;0;0.3
1859.0;19;0;0.3
1860.0;19;0;0.3
1861.0;19;0;0.2
1862.0;19;0;0.2
1863.0;19;0;0.1
1864.0;19;0;0.1
1865.0;19;0;0.1
1866.0;19;0;0.1
1867.0;19;0;0.1
1868.0;19;0;0.0
1869.0;19;0;0.0
1870.0;19;0;0.0
1871.0;19;0;0.0
1872.0;19;0;0.0
1873.0;19;0;0.1
1874.0;19;0;0.1
1875.0;19;0;0.1
1876.0;19;0;0.1
1877.0;19;0;0.1
1878.0;19;0;0.1
1879.0;19;0;0.1
1880.0;19;0;0.1
1881.0;19;0;0.1
1882.0;19;0;0.1
1883.0;19;0;0.0
1884.0;19;0;0.0
1885.0;19;0;0.0
1886.0;19;0;0.0
1887.0;19;0;0.0
1888.0;19;0;0.0
1889.0;19;0;0.0
1890.0;19;0;0.0
1891.0;19;0;0.1
1892.0;19;0;0.1
1893.0;19;0;0.1
1894.0;19;0;0.1
1895.0;19;0;0.1
1896.0;19;0;0.1
1897.0;19;0;0.1
1898.0;19;0;0.1
1899.0;19;0;0.1
1900.0;19;0;0.1
1901.0;19;0;0.1
1902.0;19;0;0.2
1903.0;19;0;0.2
1904.0;19;0;0.2
1905.0;19;0;0.2
1906.0;19;0;0.3
1907.0;19;0;0.3
1908.0;19;0;0.4
1909.0;19;0;0.4
1910.0;19;0;0.4
1911.0;19;0;0.3
1912.0;19;0;0.3
1913.0;19;0;0.3
1914.0;19;0;0.3
1915.0;19;0;0.3
1916.0;19;0;0.2
1917.0;19;0;0.2
1918.0;19;0;0.1
1919.0;20;1;0.2
1920.0;20;1;0.2
1921.0;20;1;0.2
1922.0;20;1;0.1
1923.0;20;1;0.1
1924.0;20;1;0.1
1925.0;20;1;0.1
1926.0;20;1;0.1
1927.0;20;1;0.1
1928.0;20;1;0.1
1929.0;20;1;0.0
1930.0;20;1;0.0
1931.0;20;1;0.0
1932.0;21;2;0.1
1933.0;21;2;0.1
1934.0;21;2;0.1
1935.0;21;2;0.1
1936.0;21;2;0.1
1937.0;21;2;0.1
1938.0;21;2;0.1
1939.0;21;2;0.1
1940.0;21;2;0.1
1941.0;21;2;0.1
1942.0;21;2;0.0
1943.0;21;2;0.0
1944.0;21;2;0.0
1945.0;21;2;0.0
1946.0;21;2;0.0
1947.0;21;2;0.0
1948.0;21;2;0.0
1949.0;21;2;0.0
1950.0;21;2;0.0
1951.0;21;2;0.0
1952.0;21;2;0.0
1953.0;21;2;0.0
1954.0;21;2;0.0
1955.0;21;2;0.0
1956.0;21;1;0.0
1957.0;21;1;0.0
1958.0;21;1;0.0
1959.0;21;1;0.0
1960.0;21;1;0.0
1961.0;21;1;0.0
1962.0;21;1;0.0
1963.0;21;1;0.0
1964.0;21;1;0.0
1965.0;21;1;0.0
1966.0;21;1;0.0
1967.0;21;1;0.0
1968.0;21;1;0.0
1969.0;21;1;0.0
1970.0;21;1;0.0
1971.0;21;1;0.0
1972.0;21;1;0.0
1973.0;21;0;0.0
1974.0;21;0;0.0
1975.0;21;0;0.0
1976.0;21;0;0.0
1977.0;21;0;0.0
1978.0;21;0;0.0
1979.0;21;0;0.0
1980.0;21;0;0.0
1981.0;21;0;0.0
1982.0;21;0;0.0
1983.0;21;0;0.0
1984.0;21;0;0.0
1985.0;21;0;0.0
1986.0;21;0;0.0
1987.0;21;0;0.0
1988.0;21;0;0.0
1989.0;21;0;0.0
1990.0;21;0;0.0
1991.0;21;0;0.0
1992.0;21;0;0.0
1993.0;21;0;0.0
1994.0;21;0;0.0
1995.0;21;0;0.0
1996.0;21;0;0.0
1997.0;21;0;0.0
1998.0;21;0;0.0
1999.0;21;0;0.0
2000.0;21;0;0.0
2001.0;21;0;0.0
2002.0;21;0;0.0
2003.0;21;0;0.0
2004.0;21;0;0.0
2005.0;21;0;0.0
2006.0;21;0;0.0
2007.0;21;0;0.0
2008.0;21;0;0.0
2009.0;21;0;0.0
2010.0;21;0;0.0
2011.0;21;0;0.0
2012.0;21;0;0.0
2013.0;21;0;0.0
2014.0;21;0;0.0
2015.0;21;0;0.0
2016.0;21;0;0.0
2017.0;21;0;0.0
2018.0;21;0;0.0
2019.0;21;0;0.0
2020.0;21;0;0.0
2021.0;21;0;0.0
2022.0;21;0;0.0
2023.0;21;0;0.0
2024.0;21;0;0.0
2025.0;21;0;0.0
2026.0;21;0;0.0
2027.0;21;0;0.0
2028.0;21;0;0.0
2029.0;21;0;0.0
2030.0;21;0;0.0
2031.0;21;0;0.0
2032.0;21;0;0.0
2033.0;21;0;0.0
2034.0;21;0;0.0
2035.0;21;0;0.0
2036.0;21;0;0.0
2037.0;21;0;0.0
2038.0;21;0;0.0
2039.0;21;0;0.0
2040.0;21;0;0.0
2041.0;21;0;0.0
2042.0;21;0;0.0
2043.0;21;0;0.0
2044.0;21;0;0.0
2045.0;21;0;0.0
2046.0;21;0;0.0
2047.0;21;0;0.0
2048.0;21;0;0.0
2049.0;21;0;0.0
2050.0;21;0;0.0
2051.0;21;0;0.0
2052.0;21;0;0.0
2053.0;21;0;0.0
2054.0;21;0;0.0
2055.0;21;0;0.0
2056.0;21;0;0.0
2057.0;21;0;0.0
2058.0;21;0;0.0
2059.0;21;0;0.0
2060.0;21;0;0.0
2061.0;21;0;0.0
2062.0;21;0;0.0
2063.0;21;0;0.0
2064.0;21;0;0.0
2065.0;21;0;0.0
2066.0;21;0;0.0
2067.0;21;0;0.0
2068.0;21;0;0.0
2069.0;21;0;0.0
2070.0;21;0;0.0
2071.0;21;0;0.0
2072.0;21;0;0.0
2073.0;21;0;0.0
2074.0;21;0;0.0
2075.0;21;0;0.0
2076.0;21;0;0.0
2077.0;21;0;0.0
2078.0;21;0;0.0
2079.0;21;0;0.0
2080.0;21;0;0.0
2081.0;21;0;0.0
2082.0;21;0;0.0
2083.0;21;0;0.0
2084.0;21;0;0.0
2085.0;21;0;0.0
2086.0;21;0;0.0
2087.0;21;0;0.0
2088.0;21;0;0.0
2089.0;21;0;0.0
2090.0;21;0;0.0
2091.0;21;0;0.0
2092.0;21;0;0.0
2093.0;21;0;0.0
2094.0;21;0;0.0
2095.0;21;0;0.0
2096.0;21;0;0.0
2097.0;21;0;0.0
2098.0;21;0;0.0
2099.0;21;0;0.0
2100.0;21;0;0.0
2101.0;21;0;0.0
2102.0;21;0;0.0
2103.0;21;0;0.0
2104.0;21;0;0.0
2105.0;21;0;0.0
2106.0;21;0;0.0
2107.0;21;0;0.0
2108.0;21;0;0.0
2109.0;21;0;0.0
2110.0;21;0;0.0
2111.0;21;0;0.0
2112.0;21;0;0.0
2113.0;21;0;0.0
2114.0;21;0;0.0
2115.0;21;0;0.0
2116.0;21;0;0.0
2117.0;21;0;0.0
2118.0;21;0;0.0
2119.0;21;0;0.0
2120.0;21;0;0.0
2121.0;21;0;0.0
2122.0;21;0;0.0
2123.0;21;0;0.0
2124.0;21;0;0.0
2125.0;21;0;0.0
2126.0;21;0;0.0
2127.0;21;0;0.0
2128.0;21;0;0.0
2129.0;21;0;0.0
2130.0;21;0;0.0
2131.0;21;0;0.0
2132.0;21;0;0.0
2133.0;21;0;0.0
2134.0;21;0;0.0
2135.0;21;0;0.0
2136.0;21;0;0.0
2137.0;21;0;0.0
2138.0;21;0;0.0
2139.0;21;0;0.0
2140.0;21;0;0.0
2141.0;21;0;0.0
2142.0;21;0;0.0
2143.0;21;0;0.0
2144.0;21;0;0.0
2145.0;21;0;0.0
2146.0;21;0;0.0
2147.0;21;0;0.0
2148.0;21;0;0.0
2149.0;21;0;0.0
2150.0;21;0;0.0
2151.0;21;0;0.0
2152.0;21;0;0.0
2153.0;21;0;0.0
2154.0;21;0;0.0
2155.0;21;0;0.0
2156.0;21;0;0.0
2157.0;21;0;0.0
2158.0;21;0;0.0
2159.0;21;0;0.0
2160.0;21;0;0.0
2161.0;21;0;0.0
2162.0;21;0;0.0
2163.0;21;0;0.0
2164.0;21;0;0.0
2165.0;21;0;0.0
2166.0;21;0;0.0
2167.0;21;0;0.0
2168.0;21;0;0.0
2169.0;21;0;0.0
2170.0;21;0;0.0
2171.0;21;0;0.0
2172.0;21;0;0.0
2173.0;21;0;0.0
2174.0;21;0;0.0
2175.0;21;0;0.0
2176.0;21;0;0.0
2177.0;21;0;0.0
2178.0;21;0;0.0
2179.0;21;0;0.0
2180.0;21;0;0.0
2181.0;21;0;0.0
2182.0;21;0;0.0
2183.0;21;0;0.0
2184.0;21;0;0.0
2185.0;21;0;0.0
2186.0;21;0;0.0
2187.0;21;0;0.0
2188.0;21;0;0.0
2189.0;21;0;0.0
2190.0;21;0;0.0
2191.0;21;0;0.0
2192.0;21;0;0.0
2193.0;21;0;0.0
2194.0;21;0;0.0
2195.0;21;0;0.0
2196.0;21;0;0.0
2197.0;21;0;0.0
2198.0;21;0;0.0
2199.0;21;0;0.0
2200.0;21;0;0.0
2201.0;21;0;0.0
2202.0;21;0;0.0
2203.0;21;0;0.0
2204.0;21;0;0.0
2205.0;21;0;0.0
2206.0;21;0;0.0
2207.0;21;0;0.0
2208.0;21;0;0.0
2209.0;21;0;0.0
2210.0;21;0;0.0
2211.0;21;0;0.0
2212.0;21;0;0.0
2213.0;21;0;0.0
2214.0;21;0;0.0
2215.0;21;0;0.0
2216.0;21;0;0.0
2217.0;21;0;0.0
2218.0;21;0;0.0
2219.0;21;0;0.0
2220.0;21;0;0.0
2221.0;21;0;0.0
2222.0;21;0;0.0
2223.0;21;0;0.0
2224.0;21;0;0.0
2225.0;21;0;0.0
2226.0;21;0;0.0
2227.0;21;0;0.0
2228.0;21;0;0.0
2229.0;21;0;0.0
2230.0;21;0;0.0
2231.0;21;0;0.0
2232.0;21;0;0.0
2233.0;21;0;0.0
2234.0;21;0;0.0
2235.0;21;0;0.0
2236.0;21;0;0.0
2237.0;21;0;0.0
2238.0;21;0;0.0
2239.0;21;0;0.0
2240.0;21;0;0.0
2241.0;21;0;0.0
2242.0;21;0;0.0
2243.0;21;0;0.0
2244.0;21;0;0.0
2245.0;21;0;0.0
2246.0;21;0;0.0
2247.0;21;0;0.0
2248.0;21;0;0.0
2249.0;21;0;0.0
2250.0;21;0;0.0
2251.0;21;0;0.0
2252.0;21;0;0.0
2253.0;21;0;0.0
2254.0;21;0;0.0
2255.0;21;0;0.0
2256.0;21;0;0.0
2257.0;21;0;0.0
2258.0;21;0;0.0
2259.0;21;0;0.0
2260.0;21;0;0.0
2261.0;21;0;0.0
2262.0;21;0;0.0
2263.0;21;0;0.0
2264.0;21;0;0.0
2265.0;21;0;0.0
2266.0;21;0;0.0
2267.0;21;0;0.0
2268.0;21;0;0.0
2269.0;21;0;0.0
2270.0;21;0;0.0
2271.0;21;0;0.0
2272.0;21;0;0.0
2273.0;21;0;0.0
2274.0;21;0;0.0
2275.0;21;0;0.0
2276.0;21;0;0.0
2277.0;21;0;0.0
2278.0;21;0;0.0
2279.0;21;0;0.0
2280.0;21;0;0.0
2281.0;21;0;0.0
2282.0;21;0;0.0
2283.0;21;0;0.0
2284.0;21;0;0.0
2285.0;21;0;0.0
2286.0;21;0;0.0
2287.0;21;0;0.0
2288.0;21;0;0.0
2289.0;21;0;0.0
2290.0;21;0;0.0
2291.0;21;0;0.0
2292.0;21;0;0.0
2293.0;21;0;0.0
2294.0;21;0;0.0
2295.0;21;0;0.0
2296.0;21;0;0.0
2297.0;21;0;0.0
2298.0;21;0;0.0
2299.0;21;0;0.0
2300.0;21;0;0.0
2301.0;21;0;0.0
2302.0;21;0;0.0
2303.0;21;0;0.0
2304.0;21;0;0.0
2305.0;21;0;0.0
2306.0;21;0;0.0
2307.0;21;0;0.0
2308.0;21;0;0.0
2309.0;21;0;0.0
2310.0;21;0;0.0
2311.0;21;0;0.0
2312.0;21;0;0.0
2313.0;21;0;0.0
2314.0;21;0;0.0
2315.0;21;0;0.0
2316.0;21;0;0.0
2317.0;21;0;0.0
2318.0;21;0;0.0
2319.0;21;0;0.0
2320.0;21;0;0.0
2321.0;21;0;0.0
2322.0;21;0;0.0
2323.0;21;0;0.0
2324.0;21;0;0.0
2325.0;21;0;0.0
2326.0;21;0;0.0
2327.0;21;0;0.0
2328.0;21;0;0.0
2329.0;21;0;0.0
2330.0;21;0;0.0
2331.0;21;0;0.0
2332.0;21;0;0.0
2333.0;21;0;0.0
2334.0;21;0;0.0
2335.0;21;0;0.0
2336.0;21;0;0.0
2337.0;21;0;0.0
2338.0;21;0;0.0
2339.0;21;0;0.0
2340.0;21;0;0.0
2341.0;21;0;0.0
2342.0;21;0;0.0
2343.0;21;0;0.0
2344.0;21;0;0.0
2345.0;21;0;0.0
2346.0;21;0;0.0
2347.0;21;0;0.0
2348.0;21;0;0.0
2349.0;21;0;0.0
2350.0;21;0;0.0
2351.0;21;0;0.0
2352.0;21;0;0.0
2353.0;21;0;0.0
2354.0;21;0;0.0
2355.0;21;0;0.0
2356.0;21;0;0.0
2357.0;21;0;0.0
2358.0;21;0;0.0
2359.0;21;0;0.0
2360.0;21;0;0.0
2361.0;21;0;0.0
2362.0;21;0;0.0
2363.0;21;0;0.0
2364.0;21;0;0.0
2365.0;21;0;0.0
2366.0;21;0;0.0
2367.0;21;0;0.0
2368.0;21;0;0.0
2369.0;21;0;0.0
2370.0;21;0;0.0
2371.0;21;0;0.0
2372.0;21;0;0.0
2373.0;21;0;0.0
2374.0;21;0;0.0
2375.0;21;0;0.0
2376.0;21;0;0.0
2377.0;21;0;0.0
2378.0;21;0;0.0
2379.0;21;0;0.0
2380.0;21;0;0.0
2381.0;21;0;0.0
2382.0;21;0;0.0
2383.0;21;0;0.0
2384.0;21;0;0.0
2385.0;21;0;0.0
2386.0;21;0;0.0
2387.0;21;0;0.0
2388.0;21;0;0.0
2389.0;21;0;0.0
2390.0;21;0;0.0
2391.0;21;0;0.0
2392.0;21;0;0.0
2393.0;21;0;0.0
2394.0;21;0;0.0
2395.0;21;0;0.0
2396.0;21;0;0.0
2397.0;21;0;0.0
2398.0;21;0;0.0
2399.0;21;0;0.0
2400.0;21;0;0.0
2401.0;21;0;0.0
2402.0;21;0;0.0
2403.0;21;0;0.0
2404.0;21;0;0.0
2405.0;21;0;0.0
2406.0;21;0;0.0
2407.0;21;0;0.0
2408.0;21;0;0.0
2409.0;21;0;0.0
2410.0;21;0;0.0
2411.0;21;0;0.0
2412.0;21;0;0.0
2413.0;21;0;0.0
2414.0;21;0;0.0
2415.0;21;0;0.0
2416.0;21;0;0.0
2417.0;21;0;0.0
2418.0;21;0;0.0
2419.0;21;0;0.0
2420.0;21;0;0.0
2421.0;21;0;0.0
2422.0;21;0;0.0
2423.0;21;0;0.0
2424.0;21;0;0.0
2425.0;21;0;0.0
2426.0;21;0;0.0
2427.0;21;0;0.0
2428.0;21;0;0.0
2429.0;21;0;0.0
2430.0;21;0;0.0
2431.0;21;0;0.0
2432.0;21;0;0.0
2433.0;21;0;0.0
2434.0;21;0;0.0
2435.0;21;0;0.0
2436.0;21;0;0.0
2437.0;21;0;0.0
2438.0;21;0;0.0
2439.0;21;0;0.0
2440.0;21;0;0.0
2441.0;21;0;0.0
2442.0;21;0;0.0
2443.0;21;0;0.0
2444.0;21;0;0.0
2445.0;21;0;0.0
2446.0;21;0;0.0
2447.0;21;0;0.0
2448.0;21;0;0.0
2449.0;21;0;0.0
2450.0;21;0;0.0
2451.0;21;0;0.0
2452.0;21;0;0.0
2453.0;21;0;0.0
2454.0;21;0;0.0
2455.0;21;0;0.0
2456.0;21;0;0.0
2457.0;21;0;0.0
2458.0;21;0;0.0
2459.0;21;0;0.0
2460.0;21;0;0.0
2461.0;21;0;0.0
2462.0;21;0;0.0
2463.0;21;0;0.0
2464.0;21;0;0.0
2465.0;21;0;0.0
2466.0;21;0;0.0
2467.0;21;0;0.0
2468.0;21;0;0.0
2469.0;21;0;0.0
2470.0;21;0;0.0
2471.0;21;0;0.0
2472.0;21;0;0.0
2473.0;21;0;0.0
2474.0;21;0;0.0
2475.0;21;0;0.0
2476.0;21;0;0.0
2477.0;21;0;0.0
2478.0;21;0;0.0
2479.0;21;0;0.0
2480.0;21;0;0.0
2481.0;21;0;0.0
2482.0;21;0;0.0
2483.0;21;0;0.0
2484.0;21;0;0.0
2485.0;21;0;0.0
2486.0;21;0;0.0
2487.0;21;0;0.0
2488.0;21;0;0.0
2489.0;21;0;0.0
2490.0;21;0;0.0
2491.0;21;0;0.0
2492.0;21;0;0.0
2493.0;21;0;0.0
2494.0;21;0;0.0
2495.0;21;0;0.0
2496.0;21;0;0.0
2497.0;21;0;0.0
2498.0;21;0;0.0
2499.0;21;0;0.0
2500.0;21;0;0.0
2501.0;21;0;0.0
2502.0;21;0;0.0
2503.0;21;0;0.0
2504.0;21;0;0.0
2505.0;21;0;0.0
2506.0;21;0;0.0
2507.0;21;0;0.0
2508.0;21;0;0.0
2509.0;21;0;0.0
2510.0;21;0;0.0
2511.0;21;0;0.0
2512.0;21;0;0.0
2513.0;21;0;0.0
2514.0;21;0;0.0
2515.0;21;0;0.0
2516.0;21;0;0.0
2517.0;21;0;0.0
2518.0;21;0;0.0
2519.0;21;0;0.0
2520.0;21;0;0.0
2521.0;21;0;0.0
2522.0;21;0;0.0
2523.0;21;0;0.0
2524.0;21;0;0.0
2525.0;21;0;0.0
2526.0;21;0;0.0
2527.0;21;0;0.0
2528.0;21;0;0.0
2529.0;21;0;0.0
2530.0;21;0;0.0
2531.0;21;0;0.0
2532.0;21;0;0.0
2533.0;21;0;0.0
2534.0;21;0;0.0
2535.0;21;0;0.0
2536.0;21;0;0.0
2537.0;21;0;0.0
2538.0;21;0;0.0
2539.0;21;0;0.0
2540.0;21;0;0.0
2541.0;21;0;0.0
2542.0;21;0;0.0
2543.0;21;0;0.0
2544.0;21;0;0.0
2545.0;21;0;0.0
2546.0;21;0;0.0
2547.0;21;0;0.0
2548.0;21;0;0.0
2549.0;21;0;0.0
2550.0;21;0;0.0
2551.0;21;0;0.0
2552.0;21;0;0.0
2553.0;21;0;0.0
2554.0;21;0;0.0
2555.0;21;0;0.0
2556.0;21;0;0.0
2557.0;21;0;0.0
2558.0;21;0;0.0
2559.0;21;0;0.0
2560.0;21;0;0.0
2561.0;21;0;0.0
2562.0;21;0;0.0
2563.0;21;0;0.0
2564.0;21;0;0.0
2565.0;21;0;0.0
2566.0;21;0;0.0
2567.0;21;0;0.0
2568.0;21;0;0.0
2569.0;21;0;0.0
2570.0;21;0;0.0
2571.0;21;0;0.0
2572.0;21;0;0.0
2573.0;21;0;0.0
2574.0;21;0;0.0
2575.0;21;0;0.0
2576.0;21;0;0.0
2577.0;21;0;0.0
2578.0;21;0;0.0
2579.0;21;0;0.0
2580.0;21;0;0.0
2581.0;21;0;0.0
2582.0;21;0;0.0
2583.0;21;0;0.0
2584.0;21;0;0.0
2585.0;21;0;0.0
2586.0;21;0;0.0
2587.0;21;0;0.0
2588.0;21;0;0.0
2589.0;21;0;0.0
2590.0;21;0;0.0
2591.0;21;0;0.0
2592.0;21;0;0.0
2593.0;21;0;0.0
2594.0;21;0;0.0
2595.0;21;0;0.0
2596.0;21;0;0.0
2597.0;21;0;0.0
2598.0;21;0;0.0
2599.0;21;0;0.0
2600.0;21;0;0.0
2601.0;21;0;0.0
2602.0;21;0;0.0
2603.0;21;0;0.0
2604.0;21;0;0.0
2605.0;21;0;0.0
2606.0;21;0;0.0
2607.0;21;0;0.0
2608.0;21;0;0.0
2609.0;21;0;0.0
2610.0;21;0;0.0
2611.0;21;0;0.0
2612.0;21;0;0.0
2613.0;21;0;0.0
2614.0;21;0;0.0
2615.0;21;0;0.0
2616.0;21;0;0.0
2617.0;21;0;0.0
2618.0;21;0;0.0
2619.0;21;0;0.0
2620.0;21;0;0.0
2621.0;21;0;0.0
2622.0;21;0;0.0
2623.0;21;0;0.0
2624.0;21;0;0.0
2625.0;21;0;0.0
2626.0;21;0;0.0
2627.0;21;0;0.0
2628.0;21;0;0.0
2629.0;21;0;0.0
2630.0;21;0;0.0
2631.0;21;0;0.0
2632.0;21;0;0.0
2633.0;21;0;0.0
2634.0;21;0;0.0
2635.0;21;0;0.0
2636.0;21;0;0.0
2637.0;21;0;0.0
2638.0;21;0;0.0
2639.0;21;0;0.0
2640.0;21;0;0.0
2641.0;21;0;0.0
2642.0;21;0;0.0
2643.0;21;0;0.0
2644.0;21;0;0.0
2645.0;21;0;0.0
2646.0;21;0;0.0
2647.0;21;0;0.0
2648.0;21;0;0.0
2649.0;21;0;0.0
2650.0;21;0;0.0
2651.0;21;0;0.0
2652.0;21;0;0.0
2653.0;21;0;0.0
2654.0;21;0;0.0
2655.0;21;0;0.0
2656.0;21;0;0.0
2657.0;21;0;0.0
2658.0;21;0;0.0
2659.0;21;0;0.0
2660.0;21;0;0.0
2661.0;21;0;0.0
2662.0;21;0;0.0
2663.0;21;0;0.0
2664.0;21;0;0.0
2665.0;21;0;0.0
2666.0;21;0;0.0
2667.0;21;0;0.0
2668.0;21;0;0.0
2669.0;21;0;0.0
2670.0;21;0;0.0
2671.0;21;0;0.0
2672.0;21;0;0.0
2673.0;21;0;0.0
2674.0;21;0;0.0
2675.0;21;0;0.0
2676.0;21;0;0.0
2677.0;21;0;0.0
2678.0;21;0;0.0
2679.0;21;0;0.0
2680.0;21;0;0.0
2681.0;21;0;0.0
2682.0;21;0;0.0
2683.0;21;0;0.0
2684.0;21;0;0.0
2685.0;21;0;0.0
2686.0;21;0;0.0
2687.0;21;0;0.0
2688.0;21;0;0.0
2689.0;21;0;0.0
2690.0;21;0;0.0
2691.0;21;0;0.0
2692.0;21;0;0.0
2693.0;21;0;0.0
2694.0;21;0;0.0
2695.0;21;0;0.0
2696.0;21;0;0.0
2697.0;21;0;0.0
2698.0;21;0;0.0
2699.0;21;0;0.0
2700.0;21;0;0.0
2701.0;21;0;0.0
2702.0;21;0;0.0
2703.0;21;0;0.0
2704.0;21;0;0.0
2705.0;21;0;0.0
2706.0;21;0;0.0
2707.0;21;0;0.0
2708.0;21;0;0.0
2709.0;21;0;0.0
2710.0;21;0;0.0
2711.0;21;0;0.0
2712.0;21;0;0.0
2713.0;21;0;0.0
2714.0;21;0;0.0
2715.0;21;0;0.0
2716.0;21;0;0.0
2717.0;21;0;0.0
2718.0;21;0;0.0
2719.0;21;0;0.0
2720.0;21;0;0.0
2721.0;21;0;0.0
2722.0;21;0;0.0
2723.0;21;0;0.0
2724.0;21;0;0.0
2725.0;21;0;0.0
2726.0;21;0;0.0
2727.0;21;0;0.0
2728.0;21;0;0.0
2729.0;21;0;0.0
2730.0;21;0;0.0
2731.0;21;0;0.0
2732.0;21;0;0.0
2733.0;21;0;0.0
2734.0;21;0;0.0
2735.0;21;0;0.0
2736.0;21;0;0.0
2737.0;21;0;0.0
2738.0;21;0;0.0
2739.0;21;0;0.0
2740.0;21;0;0.0
2741.0;21;0;0.0
2742.0;21;0;0.0
2743.0;21;0;0.0
2744.0;21;0;0.0
2745.0;21;0;0.0
2746.0;21;0;0.0
2747.0;21;0;0.0
2748.0;21;0;0.0
2749.0;21;0;0.0
2750.0;21;0;0.0
2751.0;21;0;0.0
2752.0;21;0;0.0
2753.0;21;0;0.0
2754.0;21;0;0.0
2755.0;21;0;0.0
2756.0;21;0;0.0
2757.0;21;0;0.0
2758.0;21;0;0.0
2759.0;21;0;0.0
2760.0;21;0;0.0
2761.0;21;0;0.0
2762.0;21;0;0.0
2763.0;21;0;0.0
2764.0;21;0;0.0
2765.0;21;0;0.0
2766.0;21;0;0.0
2767.0;21;0;0.0
2768.0;21;0;0.0
2769.0;21;0;0.0
2770.0;21;0;0.0
2771.0;21;0;0.0
2772.0;21;0;0.0
2773.0;21;0;0.0
2774.0;21;0;0.0
2775.0;21;0;0.0
2776.0;21;0;0.0
2777.0;21;0;0.0
2778.0;21;0;0.0
2779.0;21;0;0.0
2780.0;21;0;0.0
2781.0;21;0;0.0
2782.0;21;0;0.0
2783.0;21;0;0.0
2784.0;21;0;0.0
2785.0;21;0;0.0
2786.0;21;0;0.0
2787.0;21;0;0.0
2788.0;21;0;0.0
2789.0;21;0;0.0
2790.0;21;0;0.0
2791.0;21;0;0.0
2792.0;21;0;0.0
2793.0;21;0;0.0
2794.0;21;0;0.0
2795.0;21;0;0.0
2796.0;21;0;0.0
2797.0;21;0;0.0
2798.0;21;0;0.0
2799.0;21;0;0.0
2800.0;21;0;0.0
2801.0;21;0;0.0
2802.0;21;0;0.0
2803.0;21;0;0.0
2804.0;21;0;0.0
2805.0;21;0;0.0
2806.0;21;0;0.0
2807.0;21;0;0.0
2808.0;21;0;0.0
2809.0;21;0;0.0
2810.0;21;0;0.0
2811.0;21;0;0.0
2812.0;21;0;0.0
2813.0;21;0;0.0
2814.0;21;0;0.0
2815.0;21;0;0.0
2816.0;21;0;0.0
2817.0;21;0;0.0
2818.0;21;0;0.0
2819.0;21;0;0.0
2820.0;21;0;0.0
2821.0;21;0;0.0
2822.0;21;0;0.0
2823.0;21;0;0.0
2824.0;21;0;0.0
2825.0;21;0;0.0
2826.0;21;0;0.0
2827.0;21;0;0.0
2828.0;21;0;0.0
2829.0;21;0;0.0
2830.0;21;0;0.0
2831.0;21;0;0.0
2832.0;21;0;0.0
2833.0;21;0;0.0
2834.0;21;0;0.0
2835.0;21;0;0.0
2836.0;21;0;0.0
2837.0;21;0;0.0
2838.0;21;0;0.0
2839.0;21;0;0.0
2840.0;21;0;0.0
2841.0;21;0;0.0
2842.0;21;0;0.0
2843.0;21;0;0.0
2844.0;21;0;0.0
2845.0;21;0;0.0
2846.0;21;0;0.0
2847.0;21;0;0.0
2848.0;21;0;0.0
2849.0;21;0;0.0
2850.0;21;0;0.0
2851.0;21;0;0.0
2852.0;21;0;0.0
2853.0;21;0;0.0
2854.0;21;0;0.0
2855.0;21;0;0.0
2856.0;21;0;0.0
2857.0;21;0;0.0
2858.0;21;0;0.0
2859.0;21;0;0.0
2860.0;21;0;0.0
2861.0;21;0;0.0
2862.0;21;0;0.0
2863.0;21;0;0.0
2864.0;21;0;0.0
2865.0;21;0;0.0
2866.0;21;0;0.0
2867.0;21;0;0.0
2868.0;21;0;0.0
2869.0;21;0;0.0
2870.0;21;0;0.0
2871.0;21;0;0.0
2872.0;21;0;0.0
2873.0;21;0;0.0
2874.0;21;0;0.0
2875.0;21;0;0.0
2876.0;21;0;0.0
2877.0;21;0;0.0
2878.0;21;0;0.0
2879.0;21;0;0.0
2880.0;21;0;0.0
2881.0;21;0;0.0
2882.0;21;0;0.0
2883.0;21;0;0.0
2884.0;21;0;0.0
2885.0;21;0;0.0
2886.0;21;0;0.0
2887.0;21;0;0.0
2888.0;21;0;0.0
2889.0;21;0;0.0
2890.0;21;0;0.0
2891.0;21;0;0.0
2892.0;21;0;0.0
2893.0;21;0;0.0
2894.0;21;0;0.0
2895.0;21;0;0.0
2896.0;21;0;0.0
2897.0;21;0;0.0
2898.0;21;0;0.0
2899.0;21;0;0.0
2900.0;21;0;0.0
2901.0;21;0;0.0
2902.0;21;0;0.0
2903.0;21;0;0.0
2904.0;21;0;0.0
2905.0;21;0;0.0
2906.0;21;0;0.0
2907.0;21;0;0.0
2908.0;21;0;0.0
2909.0;21;0;0.0
2910.0;21;0;0.0
2911.0;21;0;0.0
2912.0;21;0;0.0
2913.0;21;0;0.0
2914.0;21;0;0.0
2915.0;21;0;0.0
2916.0;21;0;0.0
2917.0;21;0;0.0
2918.0;21;0;0.0
2919.0;21;0;0.0
2920.0;21;0;0.0
2921.0;21;0;0.0
2922.0;21;0;0.0
2923.0;21;0;0.0
2924.0;21;0;0.0
2925.0;21;0;0.0
2926.0;21;0;0.0
2927.0;21;0;0.0
2928.0;21;0;0.0
2929.0;21;0;0.0
2930.0;21;0;0.0
2931.0;21;0;0.0
2932.0;21;0;0.0
2933.0;21;0;0.0
2934.0;21;0;0.0
2935.0;21;0;0.0
2936.0;21;0;0.0
2937.0;21;0;0.0
2938.0;21;0;0.0
2939.0;21;0;0.0
2940.0;21;0;0.0
2941.0;21;0;0.0
2942.0;21;0;0.0
2943.0;21;0;0.0
2944.0;21;0;0.0
2945.0;21;0;0.0
2946.0;21;0;0.0
2947.0;21;0;0.0
2948.0;21;0;0.0
2949.0;21;0;0.0
2950.0;21;0;0.0
2951.0;21;0;0.0
2952.0;21;0;0.0
2953.0;21;0;0.0
2954.0;21;0;0.0
2955.0;21;0;0.0
2956.0;21;0;0.0
2957.0;21;0;0.0
2958.0;21;0;0.0
2959.0;21;0;0.0
2960.0;21;0;0.0
2961.0;21;0;0.0
2962.0;21;0;0.0
2963.0;21;0;0.0
2964.0;21;0;0.0
2965.0;21;0;0.0
2966.0;21;0;0.0
2967.0;21;0;0.0
2968.0;21;0;0.0
2969.0;21;0;0.0
2970.0;21;0;0.0
2971.0;21;0;0.0
2972.0;21;0;0.0
2973.0;21;0;0.0
2974.0;21;0;0.0
2975.0;21;0;0.0
2976.0;21;0;0.0
2977.0;21;0;0.0
2978.0;21;0;0.0
2979.0;21;0;0.0
2980.0;21;0;0.0
2981.0;21;0;0.0
2982.0;21;0;0.0
2983.0;21;0;0.0
2984.0;21;0;0.0
2985.0;21;0;0.0
2986.0;21;0;0.0
2987.0;21;0;0.0
2988.0;21;0;0.0
2989.0;21;0;0.0
2990.0;21;0;0.0
2991.0;21;0;0.0
2992.0;21;0;0.0
2993.0;21;0;0.0
2994.0;21;0;0.0
2995.0;21;0;0.0
2996.0;21;0;0.0
2997.0;21;0;0.0
2998.0;21;0;0.0
2999.0;21;0;0.0
3000.0;21;0;0.0
3000.0;21;0;0.0
