"tick";"NNCardinality";"NSCardinality";"AvgCompNonRegulatedNorms"
0.0;0;0;0.0
1.0;0;0;0.0
2.0;0;0;0.0
3.0;0;0;0.0
4.0;0;0;0.0
5.0;0;0;0.0
6.0;0;0;0.0
7.0;0;0;0.0
8.0;0;0;0.0
9.0;0;0;0.0
10.0;0;0;0.0
11.0;0;0;0.0
12.0;0;0;0.0
13.0;0;0;0.0
14.0;0;0;0.0
15.0;0;0;0.0
16.0;0;0;0.0
17.0;0;0;0.0
18.0;0;0;0.0
19.0;0;0;0.0
20.0;0;0;0.0
21.0;0;0;0.0
22.0;0;0;0.0
23.0;0;0;0.0
24.0;0;0;0.0
25.0;0;0;0.0
26.0;0;0;0.0
27.0;0;0;0.0
28.0;0;0;0.0
29.0;0;0;0.0
30.0;0;0;0.0
31.0;0;0;0.0
32.0;0;0;0.0
33.0;0;0;0.0
34.0;0;0;0.0
35.0;0;0;0.0
36.0;0;0;0.0
37.0;0;0;0.0
38.0;0;0;0.0
39.0;0;0;0.0
40.0;0;0;0.0
41.0;0;0;0.0
42.0;0;0;0.0
43.0;0;0;0.0
44.0;0;0;0.0
45.0;0;0;0.0
46.0;0;0;0.0
47.0;0;0;0.0
48.0;0;0;0.0
49.0;0;0;0.0
50.0;0;0;0.0
51.0;0;0;0.0
52.0;0;0;0.0
53.0;0;0;0.0
54.0;0;0;0.0
55.0;0;0;0.0
56.0;0;0;0.0
57.0;0;0;0.0
58.0;0;0;0.0
59.0;0;0;0.0
60.0;0;0;0.0
61.0;0;0;0.0
62.0;0;0;0.0
63.0;0;0;0.0
64.0;0;0;0.0
65.0;0;0;0.0
66.0;0;0;0.0
67.0;0;0;0.0
68.0;0;0;0.0
69.0;0;0;0.0
70.0;0;0;0.0
71.0;0;0;0.0
72.0;0;0;0.0
73.0;0;0;0.0
74.0;0;0;0.0
75.0;0;0;0.0
76.0;0;0;0.0
77.0;0;0;0.0
78.0;0;0;0.0
79.0;0;0;0.0
80.0;0;0;0.0
81.0;0;0;0.0
82.0;0;0;0.0
83.0;0;0;0.0
84.0;0;0;0.0
85.0;0;0;0.0
86.0;0;0;0.0
87.0;0;0;0.0
88.0;0;0;0.0
89.0;0;0;0.0
90.0;0;0;0.0
91.0;0;0;0.0
92.0;0;0;0.0
93.0;0;0;0.0
94.0;0;0;0.0
95.0;0;0;0.0
96.0;0;0;0.0
97.0;0;0;0.0
98.0;0;0;0.0
99.0;0;0;0.0
100.0;0;0;0.0
101.0;0;0;0.0
102.0;0;0;0.0
103.0;0;0;0.0
104.0;0;0;0.0
105.0;0;0;0.0
106.0;0;0;0.0
107.0;0;0;0.0
108.0;0;0;0.0
109.0;0;0;0.0
110.0;0;0;0.0
111.0;0;0;0.0
112.0;0;0;0.0
113.0;0;0;0.0
114.0;0;0;0.0
115.0;0;0;0.0
116.0;0;0;0.0
117.0;0;0;0.0
118.0;0;0;0.0
119.0;0;0;0.0
120.0;0;0;0.0
121.0;0;0;0.0
122.0;0;0;0.0
123.0;0;0;0.0
124.0;0;0;0.0
125.0;0;0;0.0
126.0;0;0;0.0
127.0;0;0;0.0
128.0;0;0;0.0
129.0;0;0;0.0
130.0;0;0;0.0
131.0;0;0;0.0
132.0;0;0;0.0
133.0;0;0;0.0
134.0;0;0;0.0
135.0;0;0;0.0
136.0;0;0;0.0
137.0;0;0;0.0
138.0;0;0;0.0
139.0;0;0;0.0
140.0;0;0;0.0
141.0;0;0;0.0
142.0;0;0;0.0
143.0;0;0;0.0
144.0;0;0;0.0
145.0;0;0;0.0
146.0;0;0;0.0
147.0;0;0;0.0
148.0;0;0;0.0
149.0;0;0;0.0
150.0;0;0;0.0
151.0;0;0;0.0
152.0;0;0;0.0
153.0;0;0;0.0
154.0;0;0;0.0
155.0;0;0;0.0
156.0;0;0;0.0
157.0;0;0;0.0
158.0;0;0;0.0
159.0;0;0;0.0
160.0;0;0;0.0
161.0;0;0;0.0
162.0;0;0;0.0
163.0;0;0;0.0
164.0;0;0;0.0
165.0;0;0;0.0
166.0;0;0;0.0
167.0;0;0;0.0
168.0;0;0;0.0
169.0;0;0;0.0
170.0;0;0;0.0
171.0;0;0;0.0
172.0;0;0;0.0
173.0;0;0;0.0
174.0;0;0;0.0
175.0;0;0;0.0
176.0;0;0;0.0
177.0;0;0;0.0
178.0;0;0;0.0
179.0;0;0;0.0
180.0;0;0;0.0
181.0;0;0;0.0
182.0;0;0;0.0
183.0;0;0;0.0
184.0;0;0;0.0
185.0;0;0;0.0
186.0;0;0;0.0
187.0;0;0;0.0
188.0;0;0;0.0
189.0;0;0;0.0
190.0;0;0;0.0
191.0;0;0;0.0
192.0;0;0;0.0
193.0;0;0;0.0
194.0;0;0;0.0
195.0;0;0;0.0
196.0;0;0;0.0
197.0;0;0;0.0
198.0;0;0;0.0
199.0;0;0;0.0
200.0;0;0;0.0
201.0;0;0;0.0
202.0;0;0;0.0
203.0;0;0;0.0
204.0;0;0;0.0
205.0;0;0;0.0
206.0;0;0;0.0
207.0;0;0;0.0
208.0;0;0;0.0
209.0;0;0;0.0
210.0;0;0;0.0
211.0;0;0;0.0
212.0;0;0;0.0
213.0;0;0;0.0
214.0;0;0;0.0
215.0;0;0;0.0
216.0;0;0;0.0
217.0;0;0;0.0
218.0;0;0;0.0
219.0;0;0;0.0
220.0;0;0;0.0
221.0;0;0;0.0
222.0;0;0;0.0
223.0;0;0;0.0
224.0;0;0;0.0
225.0;0;0;0.0
226.0;0;0;0.0
227.0;0;0;0.0
228.0;0;0;0.0
229.0;0;0;0.0
230.0;0;0;0.0
231.0;0;0;0.0
232.0;0;0;0.0
233.0;0;0;0.0
234.0;0;0;0.0
235.0;0;0;0.0
236.0;0;0;0.0
237.0;0;0;0.0
238.0;0;0;0.0
239.0;0;0;0.0
240.0;0;0;0.0
241.0;0;0;0.0
242.0;0;0;0.0
243.0;0;0;0.0
244.0;0;0;0.0
245.0;0;0;0.0
246.0;0;0;0.0
247.0;0;0;0.0
248.0;0;0;0.0
249.0;0;0;0.0
250.0;0;0;0.0
251.0;0;0;0.0
252.0;0;0;0.0
253.0;0;0;0.0
254.0;0;0;0.0
255.0;0;0;0.0
256.0;0;0;0.0
257.0;0;0;0.0
258.0;0;0;0.0
259.0;0;0;0.0
260.0;0;0;0.0
261.0;0;0;0.0
262.0;0;0;0.0
263.0;0;0;0.0
264.0;0;0;0.0
265.0;0;0;0.0
266.0;0;0;0.0
267.0;0;0;0.0
268.0;0;0;0.0
269.0;0;0;0.0
270.0;0;0;0.0
271.0;0;0;0.0
272.0;0;0;0.0
273.0;0;0;0.0
274.0;0;0;0.0
275.0;0;0;0.0
276.0;0;0;0.0
277.0;0;0;0.0
278.0;0;0;0.0
279.0;0;0;0.0
280.0;0;0;0.0
281.0;0;0;0.0
282.0;0;0;0.0
283.0;0;0;0.0
284.0;0;0;0.0
285.0;0;0;0.0
286.0;0;0;0.0
287.0;0;0;0.0
288.0;0;0;0.0
289.0;0;0;0.0
290.0;0;0;0.0
291.0;0;0;0.0
292.0;0;0;0.0
293.0;0;0;0.0
294.0;0;0;0.0
295.0;0;0;0.0
296.0;0;0;0.0
297.0;0;0;0.0
298.0;0;0;0.0
299.0;0;0;0.0
300.0;0;0;0.0
301.0;0;0;0.0
302.0;0;0;0.0
303.0;0;0;0.0
304.0;0;0;0.0
305.0;0;0;0.0
306.0;0;0;0.0
307.0;0;0;0.0
308.0;0;0;0.0
309.0;0;0;0.0
310.0;0;0;0.0
311.0;0;0;0.0
312.0;0;0;0.0
313.0;0;0;0.0
314.0;0;0;0.0
315.0;0;0;0.0
316.0;0;0;0.0
317.0;0;0;0.0
318.0;0;0;0.0
319.0;0;0;0.0
320.0;0;0;0.0
321.0;0;0;0.0
322.0;0;0;0.0
323.0;0;0;0.0
324.0;0;0;0.0
325.0;0;0;0.0
326.0;0;0;0.0
327.0;0;0;0.0
328.0;0;0;0.0
329.0;0;0;0.0
330.0;0;0;0.0
331.0;0;0;0.0
332.0;0;0;0.0
333.0;0;0;0.0
334.0;0;0;0.0
335.0;0;0;0.0
336.0;0;0;0.0
337.0;0;0;0.0
338.0;0;0;0.0
339.0;0;0;0.0
340.0;0;0;0.0
341.0;0;0;0.0
342.0;0;0;0.0
343.0;0;0;0.0
344.0;0;0;0.0
345.0;0;0;0.0
346.0;0;0;0.0
347.0;0;0;0.0
348.0;0;0;0.0
349.0;0;0;0.0
350.0;0;0;0.0
351.0;0;0;0.0
352.0;0;0;0.0
353.0;0;0;0.0
354.0;0;0;0.0
355.0;0;0;0.0
356.0;0;0;0.0
357.0;0;0;0.0
358.0;0;0;0.0
359.0;0;0;0.0
360.0;0;0;0.0
361.0;0;0;0.0
362.0;0;0;0.0
363.0;0;0;0.0
364.0;0;0;0.0
365.0;0;0;0.0
366.0;0;0;0.0
367.0;0;0;0.0
368.0;0;0;0.0
369.0;0;0;0.0
370.0;0;0;0.0
371.0;0;0;0.0
372.0;0;0;0.0
373.0;0;0;0.0
374.0;0;0;0.0
375.0;0;0;0.0
376.0;0;0;0.0
377.0;0;0;0.0
378.0;0;0;0.0
379.0;0;0;0.0
380.0;0;0;0.0
381.0;0;0;0.0
382.0;0;0;0.0
383.0;0;0;0.0
384.0;0;0;0.0
385.0;0;0;0.0
386.0;0;0;0.0
387.0;0;0;0.0
388.0;0;0;0.0
389.0;0;0;0.0
390.0;0;0;0.0
391.0;0;0;0.0
392.0;0;0;0.0
393.0;0;0;0.0
394.0;0;0;0.0
395.0;0;0;0.0
396.0;0;0;0.0
397.0;0;0;0.0
398.0;0;0;0.0
399.0;0;0;0.0
400.0;0;0;0.0
401.0;0;0;0.0
402.0;0;0;0.0
403.0;0;0;0.0
404.0;0;0;0.0
405.0;0;0;0.0
406.0;0;0;0.0
407.0;0;0;0.0
408.0;0;0;0.0
409.0;0;0;0.0
410.0;0;0;0.0
411.0;0;0;0.0
412.0;0;0;0.0
413.0;0;0;0.0
414.0;0;0;0.0
415.0;0;0;0.0
416.0;0;0;0.0
417.0;0;0;0.0
418.0;0;0;0.0
419.0;0;0;0.0
420.0;0;0;0.0
421.0;0;0;0.0
422.0;0;0;0.0
423.0;0;0;0.0
424.0;0;0;0.0
425.0;0;0;0.0
426.0;0;0;0.0
427.0;0;0;0.0
428.0;0;0;0.0
429.0;0;0;0.0
430.0;0;0;0.0
431.0;0;0;0.0
432.0;0;0;0.0
433.0;0;0;0.0
434.0;0;0;0.0
435.0;0;0;0.0
436.0;0;0;0.0
437.0;0;0;0.0
438.0;0;0;0.0
439.0;0;0;0.0
440.0;0;0;0.0
441.0;0;0;0.0
442.0;0;0;0.0
443.0;0;0;0.0
444.0;0;0;0.0
445.0;0;0;0.0
446.0;0;0;0.0
447.0;0;0;0.0
448.0;0;0;0.0
449.0;0;0;0.0
450.0;0;0;0.0
451.0;0;0;0.0
452.0;0;0;0.0
453.0;0;0;0.0
454.0;0;0;0.0
455.0;0;0;0.0
456.0;0;0;0.0
457.0;0;0;0.0
458.0;0;0;0.0
459.0;0;0;0.0
460.0;0;0;0.0
461.0;0;0;0.0
462.0;0;0;0.0
463.0;0;0;0.0
464.0;0;0;0.0
465.0;0;0;0.0
466.0;0;0;0.0
467.0;0;0;0.0
468.0;0;0;0.0
469.0;0;0;0.0
470.0;0;0;0.0
471.0;0;0;0.0
472.0;0;0;0.0
473.0;0;0;0.0
474.0;0;0;0.0
475.0;0;0;0.0
476.0;0;0;0.0
477.0;0;0;0.0
478.0;0;0;0.0
479.0;0;0;0.0
480.0;0;0;0.0
481.0;0;0;0.0
482.0;0;0;0.0
483.0;0;0;0.0
484.0;0;0;0.0
485.0;0;0;0.0
486.0;0;0;0.0
487.0;0;0;0.0
488.0;0;0;0.0
489.0;0;0;0.0
490.0;0;0;0.0
491.0;0;0;0.0
492.0;0;0;0.0
493.0;0;0;0.0
494.0;0;0;0.0
495.0;0;0;0.0
496.0;0;0;0.0
497.0;0;0;0.0
498.0;0;0;0.0
499.0;0;0;0.0
500.0;0;0;0.3
501.0;0;0;0.8
502.0;0;0;1.2
503.0;0;0;1.6
504.0;0;0;2.0
505.0;0;0;2.1
506.0;0;0;2.3
507.0;0;0;2.4
508.0;0;0;2.8
509.0;0;0;2.9
510.0;0;0;2.9
511.0;0;0;2.7
512.0;0;0;2.6
513.0;0;0;2.5
514.0;0;0;2.6
515.0;0;0;2.7
516.0;0;0;3.0
517.0;0;0;3.4
518.0;0;0;3.2
519.0;0;0;3.6
520.0;0;0;3.8
521.0;0;0;4.1
522.0;0;0;4.2
523.0;0;0;4.0
524.0;0;0;3.9
525.0;0;0;3.9
526.0;0;0;3.7
527.0;0;0;3.6
528.0;0;0;3.7
529.0;0;0;3.3
530.0;0;0;3.2
531.0;0;0;2.8
532.0;0;0;2.6
533.0;0;0;2.7
534.0;0;0;2.5
535.0;0;0;2.5
536.0;0;0;2.3
537.0;0;0;2.1
538.0;0;0;2.1
539.0;0;0;2.5
540.0;0;0;2.5
541.0;0;0;2.5
542.0;0;0;2.5
543.0;0;0;2.6
544.0;0;0;3.2
545.0;0;0;3.3
546.0;0;0;3.3
547.0;0;0;3.4
548.0;0;0;3.3
549.0;0;0;3.0
550.0;0;0;2.9
551.0;0;0;3.1
552.0;0;0;3.1
553.0;0;0;3.1
554.0;0;0;2.6
555.0;0;0;2.4
556.0;0;0;2.6
557.0;0;0;2.8
558.0;0;0;2.8
559.0;0;0;3.3
560.0;0;0;3.3
561.0;0;0;3.1
562.0;0;0;3.1
563.0;0;0;3.2
564.0;0;0;3.2
565.0;0;0;3.5
566.0;0;0;3.6
567.0;0;0;3.5
568.0;0;0;3.5
569.0;0;0;3.1
570.0;0;0;3.4
571.0;0;0;3.9
572.0;0;0;4.1
573.0;0;0;3.9
574.0;0;0;3.8
575.0;0;0;3.5
576.0;0;0;3.5
577.0;0;0;3.6
578.0;0;0;3.6
579.0;0;0;3.6
580.0;0;0;3.6
581.0;0;0;3.3
582.0;0;0;3.1
583.0;0;0;3.5
584.0;0;0;3.5
585.0;0;0;3.9
586.0;0;0;3.8
587.0;0;0;3.7
588.0;0;0;3.8
589.0;0;0;3.8
590.0;0;0;3.4
591.0;0;0;3.3
592.0;0;0;3.3
593.0;0;0;3.0
594.0;0;0;3.0
595.0;0;0;3.0
596.0;0;0;2.8
597.0;0;0;2.7
598.0;0;0;2.9
599.0;0;0;2.9
600.0;0;0;2.9
601.0;0;0;3.1
602.0;0;0;3.1
603.0;0;0;3.4
604.0;0;0;3.7
605.0;0;0;3.5
606.0;0;0;3.8
607.0;0;0;4.0
608.0;0;0;3.6
609.0;0;0;3.5
610.0;0;0;3.4
611.0;0;0;3.3
612.0;0;0;3.3
613.0;0;0;3.3
614.0;0;0;3.0
615.0;0;0;3.3
616.0;0;0;3.3
617.0;0;0;3.0
618.0;0;0;3.2
619.0;0;0;3.4
620.0;0;0;3.5
621.0;0;0;3.4
622.0;0;0;3.3
623.0;0;0;3.3
624.0;0;0;3.3
625.0;0;0;2.9
626.0;0;0;2.8
627.0;0;0;3.1
628.0;0;0;3.0
629.0;0;0;3.0
630.0;0;0;3.3
631.0;0;0;3.3
632.0;0;0;3.7
633.0;0;0;3.4
634.0;0;0;3.5
635.0;0;0;3.5
636.0;0;0;3.5
637.0;0;0;3.5
638.0;0;0;3.6
639.0;0;0;3.3
640.0;0;0;2.8
641.0;0;0;2.7
642.0;0;0;2.4
643.0;0;0;2.5
644.0;0;0;2.8
645.0;0;0;2.6
646.0;1;1;2.5
647.0;1;1;2.2
648.0;1;1;2.2
649.0;1;1;2.4
650.0;1;1;2.7
651.0;1;1;2.5
652.0;1;1;2.4
653.0;1;1;2.4
654.0;1;1;2.0
655.0;1;1;2.3
656.0;1;0;2.7
657.0;1;0;2.6
658.0;1;0;2.5
659.0;1;0;2.5
660.0;1;0;2.5
661.0;1;0;2.7
662.0;1;0;2.9
663.0;1;0;2.6
664.0;1;0;3.0
665.0;1;0;3.3
666.0;1;0;3.0
667.0;1;0;3.1
668.0;1;0;3.3
669.0;1;0;3.4
670.0;1;0;3.4
671.0;1;0;3.7
672.0;1;0;3.6
673.0;1;0;3.5
674.0;1;0;3.0
675.0;1;0;2.5
676.0;1;0;2.5
677.0;1;0;2.6
678.0;1;0;2.2
679.0;1;0;2.0
680.0;1;0;2.1
681.0;1;0;2.1
682.0;1;0;2.3
683.0;1;0;2.5
684.0;1;0;2.4
685.0;1;0;2.8
686.0;1;0;3.0
687.0;1;0;2.8
688.0;1;0;3.1
689.0;1;0;3.0
690.0;1;0;2.9
691.0;1;0;2.5
692.0;1;0;2.3
693.0;1;0;2.4
694.0;1;0;2.8
695.0;1;0;2.8
696.0;1;0;2.7
697.0;1;0;3.1
698.0;1;0;3.2
699.0;1;0;3.2
700.0;1;0;3.3
701.0;1;0;3.5
702.0;1;0;3.7
703.0;1;0;3.9
704.0;1;0;3.8
705.0;1;0;3.8
706.0;1;0;3.5
707.0;1;0;3.2
708.0;1;0;3.0
709.0;1;0;3.0
710.0;1;0;2.9
711.0;1;0;2.9
712.0;1;0;2.9
713.0;1;0;2.8
714.0;1;0;2.8
715.0;1;0;2.7
716.0;1;0;2.8
717.0;1;0;2.9
718.0;1;0;3.0
719.0;1;0;3.0
720.0;1;0;3.1
721.0;1;0;3.4
722.0;1;0;3.1
723.0;1;0;3.1
724.0;1;0;3.0
725.0;1;0;2.9
726.0;1;0;3.1
727.0;1;0;3.0
728.0;1;0;2.8
729.0;1;0;3.1
730.0;1;0;3.2
731.0;1;0;2.6
732.0;1;0;2.6
733.0;1;0;2.5
734.0;1;0;2.6
735.0;1;0;2.9
736.0;1;0;2.8
737.0;1;0;3.0
738.0;1;0;3.2
739.0;1;0;2.9
740.0;1;0;2.6
741.0;1;0;3.1
742.0;1;0;3.3
743.0;1;0;3.2
744.0;1;0;3.6
745.0;1;0;3.2
746.0;1;0;3.3
747.0;1;0;3.4
748.0;1;0;3.3
749.0;1;0;3.4
750.0;1;0;3.5
751.0;1;0;3.5
752.0;1;0;3.7
753.0;1;0;3.7
754.0;1;0;3.4
755.0;1;0;3.5
756.0;1;0;3.1
757.0;1;0;2.8
758.0;1;0;2.9
759.0;1;0;3.1
760.0;1;0;3.1
761.0;1;0;2.7
762.0;1;0;2.4
763.0;1;0;2.4
764.0;1;0;2.4
765.0;1;0;2.4
766.0;1;0;3.0
767.0;1;0;3.1
768.0;1;0;3.1
769.0;1;0;3.0
770.0;2;1;3.0
771.0;2;1;3.4
772.0;2;1;3.7
773.0;2;1;3.8
774.0;2;1;3.5
775.0;2;1;3.4
776.0;2;1;2.9
777.0;2;1;2.9
778.0;2;1;2.7
779.0;2;1;2.6
780.0;2;1;2.8
781.0;2;1;2.8
782.0;2;1;2.5
783.0;2;1;2.3
784.0;2;0;2.4
785.0;2;0;2.7
786.0;2;0;3.0
787.0;2;0;2.8
788.0;2;0;2.8
789.0;2;0;3.0
790.0;2;0;2.5
791.0;2;0;2.3
792.0;2;0;2.5
793.0;2;0;2.7
794.0;3;1;3.0
795.0;3;1;2.6
796.0;3;1;2.5
797.0;3;1;2.6
798.0;3;1;3.0
799.0;3;1;2.8
800.0;3;1;3.1
801.0;3;1;3.0
802.0;3;1;2.7
803.0;3;1;2.9
804.0;3;1;2.7
805.0;3;1;3.0
806.0;3;1;2.8
807.0;3;1;2.9
808.0;3;1;2.6
809.0;3;1;2.6
810.0;3;1;2.4
811.0;3;1;2.4
812.0;3;1;2.7
813.0;3;0;2.6
814.0;3;0;2.7
815.0;3;0;2.6
816.0;3;0;2.7
817.0;3;0;2.6
818.0;3;0;2.5
819.0;3;0;2.8
820.0;3;0;2.8
821.0;3;0;2.6
822.0;3;0;2.6
823.0;3;0;2.4
824.0;3;0;2.1
825.0;3;0;2.0
826.0;3;0;1.9
827.0;3;0;1.9
828.0;3;0;2.0
829.0;3;0;1.8
830.0;3;0;1.8
831.0;3;0;1.9
832.0;3;0;1.6
833.0;3;0;1.7
834.0;3;0;1.9
835.0;3;0;2.1
836.0;3;0;2.3
837.0;3;0;2.5
838.0;3;0;2.7
839.0;3;0;2.4
840.0;3;0;2.3
841.0;3;0;2.4
842.0;3;0;2.6
843.0;3;0;2.4
844.0;3;0;2.4
845.0;3;0;2.2
846.0;3;0;2.1
847.0;3;0;2.2
848.0;3;0;2.0
849.0;3;0;2.1
850.0;3;0;2.2
851.0;3;0;2.4
852.0;3;0;2.6
853.0;3;0;2.7
854.0;3;0;2.4
855.0;3;0;2.3
856.0;3;0;2.5
857.0;3;0;2.5
858.0;3;0;2.4
859.0;3;0;2.4
860.0;3;0;2.7
861.0;3;0;2.4
862.0;3;0;2.3
863.0;3;0;2.7
864.0;4;1;3.2
865.0;4;1;3.3
866.0;4;1;3.0
867.0;4;1;2.6
868.0;4;1;2.7
869.0;4;1;2.8
870.0;4;1;2.6
871.0;4;1;2.7
872.0;4;1;2.5
873.0;4;1;2.2
874.0;4;1;1.8
875.0;4;0;1.8
876.0;4;0;1.9
877.0;4;0;2.0
878.0;4;0;2.0
879.0;4;0;1.9
880.0;4;0;2.1
881.0;4;0;2.2
882.0;4;0;2.1
883.0;5;1;2.1
884.0;5;1;2.0
885.0;5;1;2.2
886.0;5;1;2.1
887.0;5;1;2.1
888.0;5;1;2.1
889.0;5;1;2.3
890.0;5;1;2.3
891.0;5;1;2.3
892.0;5;1;2.4
893.0;5;1;2.2
894.0;5;1;2.6
895.0;5;1;2.4
896.0;5;1;2.4
897.0;5;1;2.4
898.0;6;2;2.3
899.0;7;1;2.4
900.0;7;1;2.1
901.0;7;1;2.2
902.0;7;1;2.1
903.0;8;1;2.3
904.0;8;1;2.0
905.0;8;3;2.1
906.0;8;2;2.1
907.0;8;2;2.0
908.0;8;2;1.9
909.0;8;1;1.9
910.0;8;1;1.9
911.0;8;1;1.6
912.0;8;1;1.5
913.0;8;1;1.5
914.0;8;1;1.5
915.0;8;1;1.3
916.0;8;1;1.2
917.0;8;1;1.2
918.0;8;1;1.2
919.0;8;1;0.9
920.0;8;1;0.8
921.0;8;1;1.1
922.0;8;1;1.2
923.0;8;1;1.2
924.0;8;1;1.4
925.0;8;1;1.6
926.0;8;1;1.8
927.0;8;1;2.1
928.0;8;1;2.3
929.0;8;1;2.3
930.0;8;1;2.5
931.0;8;1;2.3
932.0;8;1;2.2
933.0;8;1;2.0
934.0;8;1;1.8
935.0;8;1;1.5
936.0;8;1;1.4
937.0;8;1;1.2
938.0;8;1;1.2
939.0;8;1;1.5
940.0;8;1;1.6
941.0;8;1;1.7
942.0;8;1;1.9
943.0;8;1;2.1
944.0;8;1;2.4
945.0;8;0;2.7
946.0;8;0;2.7
947.0;8;0;2.8
948.0;8;0;2.7
949.0;8;0;2.5
950.0;8;0;2.5
951.0;8;0;2.6
952.0;8;0;2.9
953.0;8;0;3.0
954.0;8;0;3.0
955.0;8;0;2.7
956.0;9;1;2.7
957.0;9;1;2.5
958.0;9;1;2.7
959.0;9;1;2.6
960.0;9;1;2.4
961.0;9;1;2.0
962.0;9;1;1.6
963.0;9;1;1.3
964.0;9;1;1.1
965.0;9;1;1.2
966.0;9;1;1.4
967.0;9;1;1.3
968.0;9;1;1.2
969.0;9;1;1.3
970.0;9;1;1.2
971.0;9;1;1.2
972.0;9;1;1.2
973.0;9;1;1.4
974.0;9;1;1.3
975.0;9;0;1.2
976.0;9;0;1.2
977.0;9;0;1.3
978.0;9;0;1.5
979.0;9;0;1.4
980.0;9;0;1.4
981.0;9;0;1.8
982.0;9;0;2.0
983.0;9;0;1.8
984.0;9;0;1.9
985.0;9;0;2.1
986.0;9;0;1.9
987.0;9;0;2.2
988.0;9;0;1.8
989.0;9;0;1.9
990.0;9;0;2.0
991.0;10;1;1.8
992.0;10;1;1.6
993.0;10;1;1.5
994.0;10;1;1.5
995.0;10;1;1.5
996.0;10;1;1.5
997.0;10;1;1.2
998.0;10;1;1.5
999.0;10;1;1.5
1000.0;10;1;1.5
1001.0;10;1;1.4
1002.0;10;1;1.7
1003.0;10;1;1.8
1004.0;10;1;1.7
1005.0;10;1;2.0
1006.0;10;1;2.0
1007.0;10;1;2.0
1008.0;10;0;1.8
1009.0;10;0;1.7
1010.0;10;0;1.6
1011.0;10;0;1.7
1012.0;10;0;1.4
1013.0;10;0;1.5
1014.0;10;0;1.5
1015.0;10;0;1.1
1016.0;10;0;1.3
1017.0;11;1;1.5
1018.0;11;1;1.6
1019.0;11;1;1.6
1020.0;11;1;1.6
1021.0;11;1;1.5
1022.0;11;1;1.6
1023.0;11;1;1.6
1024.0;11;1;1.6
1025.0;11;1;1.5
1026.0;11;1;1.2
1027.0;11;1;0.9
1028.0;11;1;1.1
1029.0;11;1;1.0
1030.0;11;1;1.2
1031.0;11;1;1.6
1032.0;11;1;1.4
1033.0;11;1;1.3
1034.0;11;0;1.4
1035.0;11;0;1.8
1036.0;11;0;1.8
1037.0;11;0;1.8
1038.0;11;0;1.4
1039.0;11;0;1.8
1040.0;11;0;1.7
1041.0;11;0;1.3
1042.0;11;0;1.4
1043.0;11;0;1.6
1044.0;11;0;1.4
1045.0;11;0;1.1
1046.0;11;0;1.3
1047.0;11;0;1.4
1048.0;11;0;1.5
1049.0;11;0;1.4
1050.0;11;0;1.3
1051.0;11;0;1.5
1052.0;11;0;1.5
1053.0;11;0;1.3
1054.0;11;0;1.5
1055.0;11;0;1.7
1056.0;11;0;1.7
1057.0;11;0;1.8
1058.0;11;0;1.9
1059.0;11;0;1.7
1060.0;11;0;1.8
1061.0;11;0;1.5
1062.0;11;0;1.6
1063.0;11;0;1.8
1064.0;11;0;1.8
1065.0;11;0;1.7
1066.0;11;0;1.8
1067.0;11;0;1.8
1068.0;11;0;1.6
1069.0;11;0;1.6
1070.0;11;0;1.6
1071.0;11;0;1.7
1072.0;11;0;1.7
1073.0;11;0;1.4
1074.0;11;0;1.4
1075.0;11;0;1.2
1076.0;11;0;0.9
1077.0;11;0;0.8
1078.0;11;0;0.8
1079.0;11;0;0.8
1080.0;11;0;0.9
1081.0;11;0;0.9
1082.0;11;0;0.7
1083.0;11;0;0.7
1084.0;12;1;0.8
1085.0;12;1;0.9
1086.0;12;1;0.9
1087.0;12;1;0.8
1088.0;12;1;0.9
1089.0;12;1;0.9
1090.0;12;1;0.8
1091.0;12;1;0.8
1092.0;12;1;1.1
1093.0;12;1;1.1
1094.0;12;1;1.1
1095.0;12;0;1.3
1096.0;12;0;1.4
1097.0;12;0;1.6
1098.0;12;0;1.5
1099.0;12;0;1.5
1100.0;12;0;1.7
1101.0;12;0;1.7
1102.0;12;0;1.5
1103.0;12;0;1.8
1104.0;12;0;1.5
1105.0;12;0;1.2
1106.0;12;0;1.1
1107.0;12;0;1.0
1108.0;12;0;1.3
1109.0;12;0;1.3
1110.0;12;0;1.2
1111.0;12;0;1.2
1112.0;12;0;1.2
1113.0;12;0;1.0
1114.0;12;0;1.0
1115.0;12;0;1.0
1116.0;12;0;1.0
1117.0;12;0;1.1
1118.0;12;0;0.9
1119.0;12;0;1.0
1120.0;12;0;0.8
1121.0;12;0;0.8
1122.0;12;0;0.8
1123.0;12;0;0.7
1124.0;12;0;0.8
1125.0;12;0;0.9
1126.0;12;0;0.9
1127.0;12;0;1.0
1128.0;12;0;1.1
1129.0;12;0;1.0
1130.0;12;0;1.1
1131.0;12;0;1.1
1132.0;12;0;1.1
1133.0;12;0;1.5
1134.0;12;0;1.6
1135.0;12;0;1.6
1136.0;12;0;1.9
1137.0;12;0;1.6
1138.0;12;0;1.6
1139.0;12;0;1.6
1140.0;12;0;1.7
1141.0;12;0;2.0
1142.0;12;0;2.2
1143.0;12;0;2.0
1144.0;12;0;2.0
1145.0;12;0;2.0
1146.0;12;0;1.8
1147.0;12;0;1.9
1148.0;12;0;1.7
1149.0;12;0;1.6
1150.0;12;0;1.5
1151.0;12;0;1.2
1152.0;12;0;1.0
1153.0;12;0;0.9
1154.0;12;0;0.9
1155.0;12;0;0.8
1156.0;12;0;0.7
1157.0;12;0;0.7
1158.0;12;0;0.9
1159.0;13;1;1.4
1160.0;13;1;1.3
1161.0;13;1;1.2
1162.0;13;1;1.3
1163.0;13;1;1.3
1164.0;13;1;1.1
1165.0;13;1;1.1
1166.0;13;1;1.1
1167.0;13;1;1.0
1168.0;13;1;0.8
1169.0;13;1;0.4
1170.0;13;1;0.4
1171.0;13;1;0.5
1172.0;13;1;0.4
1173.0;13;1;0.4
1174.0;13;0;0.5
1175.0;13;0;0.6
1176.0;13;0;0.6
1177.0;13;0;0.6
1178.0;13;0;0.7
1179.0;13;0;0.6
1180.0;13;0;0.8
1181.0;13;0;1.0
1182.0;13;0;1.0
1183.0;13;0;1.0
1184.0;13;0;0.9
1185.0;13;0;0.8
1186.0;13;0;0.9
1187.0;13;0;1.0
1188.0;13;0;1.0
1189.0;13;0;1.1
1190.0;13;0;1.0
1191.0;13;0;0.8
1192.0;13;0;0.9
1193.0;13;0;0.8
1194.0;13;0;0.8
1195.0;13;0;0.9
1196.0;13;0;1.1
1197.0;13;0;1.2
1198.0;13;0;1.2
1199.0;13;0;1.3
1200.0;13;0;1.2
1201.0;13;0;1.1
1202.0;13;0;1.1
1203.0;13;0;1.1
1204.0;13;0;1.4
1205.0;13;0;1.4
1206.0;13;0;1.1
1207.0;13;0;1.1
1208.0;13;0;1.2
1209.0;13;0;1.1
1210.0;13;0;1.3
1211.0;13;0;1.4
1212.0;13;0;1.2
1213.0;13;0;1.3
1214.0;13;0;1.2
1215.0;13;0;1.3
1216.0;13;0;1.4
1217.0;13;0;1.3
1218.0;13;0;1.1
1219.0;13;0;1.0
1220.0;13;0;0.8
1221.0;13;0;0.9
1222.0;13;0;0.9
1223.0;13;0;0.9
1224.0;13;0;0.8
1225.0;13;0;0.6
1226.0;13;0;0.6
1227.0;13;0;0.6
1228.0;13;0;0.6
1229.0;13;0;0.6
1230.0;13;0;0.7
1231.0;13;0;0.5
1232.0;13;0;0.6
1233.0;13;0;0.6
1234.0;13;0;0.5
1235.0;13;0;0.7
1236.0;13;0;0.8
1237.0;13;0;0.8
1238.0;13;0;0.8
1239.0;13;0;1.0
1240.0;13;0;1.1
1241.0;13;0;1.3
1242.0;13;0;1.2
1243.0;13;0;1.1
1244.0;13;0;1.2
1245.0;13;0;1.2
1246.0;13;0;1.1
1247.0;13;0;1.0
1248.0;13;0;1.1
1249.0;13;0;1.0
1250.0;13;0;0.9
1251.0;13;0;1.0
1252.0;13;0;1.0
1253.0;13;0;1.2
1254.0;13;0;1.2
1255.0;13;0;1.0
1256.0;13;0;1.0
1257.0;13;0;1.0
1258.0;13;0;0.9
1259.0;13;0;0.8
1260.0;13;0;0.7
1261.0;13;0;0.5
1262.0;13;0;1.0
1263.0;13;0;1.2
1264.0;13;0;1.2
1265.0;13;0;1.4
1266.0;13;0;1.3
1267.0;13;0;1.4
1268.0;13;0;1.4
1269.0;13;0;1.5
1270.0;13;0;1.8
1271.0;13;0;1.8
1272.0;13;0;1.4
1273.0;13;0;1.1
1274.0;13;0;1.0
1275.0;13;0;0.8
1276.0;13;0;0.9
1277.0;13;0;1.1
1278.0;13;0;1.3
1279.0;13;0;1.2
1280.0;13;0;1.0
1281.0;13;0;1.1
1282.0;13;0;1.2
1283.0;13;0;1.2
1284.0;13;0;1.2
1285.0;13;0;1.2
1286.0;13;0;1.3
1287.0;13;0;1.1
1288.0;13;0;0.9
1289.0;13;0;1.0
1290.0;13;0;0.9
1291.0;13;0;0.8
1292.0;13;0;0.7
1293.0;13;0;0.6
1294.0;13;0;0.6
1295.0;13;0;0.7
1296.0;13;0;0.6
1297.0;13;0;0.8
1298.0;13;0;0.9
1299.0;13;0;1.0
1300.0;13;0;1.0
1301.0;13;0;0.9
1302.0;13;0;0.8
1303.0;13;0;0.9
1304.0;13;0;0.9
1305.0;13;0;0.8
1306.0;13;0;0.7
1307.0;13;0;0.4
1308.0;13;0;0.4
1309.0;13;0;0.3
1310.0;13;0;0.4
1311.0;13;0;0.5
1312.0;13;0;0.6
1313.0;13;0;0.7
1314.0;13;0;0.7
1315.0;13;0;1.0
1316.0;13;0;1.0
1317.0;13;0;1.1
1318.0;13;0;1.1
1319.0;13;0;1.0
1320.0;13;0;0.9
1321.0;13;0;0.9
1322.0;13;0;0.8
1323.0;13;0;0.6
1324.0;13;0;1.0
1325.0;13;0;0.8
1326.0;13;0;1.0
1327.0;13;0;0.9
1328.0;13;0;0.9
1329.0;13;0;1.0
1330.0;13;0;1.2
1331.0;13;0;1.1
1332.0;13;0;1.2
1333.0;13;0;1.2
1334.0;13;0;0.9
1335.0;13;0;0.9
1336.0;13;0;0.8
1337.0;13;0;0.9
1338.0;13;0;0.8
1339.0;13;0;0.8
1340.0;13;0;0.8
1341.0;13;0;0.9
1342.0;13;0;0.9
1343.0;13;0;1.0
1344.0;13;0;1.0
1345.0;13;0;0.9
1346.0;13;0;0.8
1347.0;13;0;0.8
1348.0;13;0;1.0
1349.0;13;0;0.9
1350.0;13;0;1.0
1351.0;13;0;1.1
1352.0;13;0;1.1
1353.0;13;0;1.1
1354.0;13;0;1.1
1355.0;13;0;1.5
1356.0;13;0;1.7
1357.0;13;0;1.7
1358.0;13;0;1.6
1359.0;13;0;1.6
1360.0;13;0;1.6
1361.0;13;0;1.6
1362.0;13;0;1.7
1363.0;13;0;1.6
1364.0;13;0;1.7
1365.0;13;0;1.3
1366.0;13;0;1.2
1367.0;13;0;1.2
1368.0;13;0;1.1
1369.0;13;0;1.1
1370.0;13;0;0.8
1371.0;13;0;0.6
1372.0;13;0;0.5
1373.0;13;0;0.5
1374.0;13;0;0.6
1375.0;13;0;0.6
1376.0;13;0;0.6
1377.0;13;0;0.5
1378.0;13;0;0.5
1379.0;13;0;0.6
1380.0;13;0;0.7
1381.0;13;0;0.7
1382.0;13;0;0.7
1383.0;13;0;0.9
1384.0;14;1;0.8
1385.0;14;1;0.8
1386.0;15;2;0.9
1387.0;15;2;1.0
1388.0;15;2;1.0
1389.0;15;2;0.9
1390.0;15;2;0.9
1391.0;15;2;0.9
1392.0;15;2;0.8
1393.0;15;2;0.7
1394.0;15;2;0.5
1395.0;15;1;0.5
1396.0;15;1;0.4
1397.0;15;1;0.3
1398.0;15;1;0.3
1399.0;15;1;0.4
1400.0;15;1;0.3
1401.0;15;1;0.3
1402.0;15;1;0.3
1403.0;15;1;0.4
1404.0;15;1;0.6
1405.0;15;1;0.7
1406.0;15;1;0.6
1407.0;15;1;0.7
1408.0;15;1;0.7
1409.0;15;1;0.7
1410.0;15;1;0.9
1411.0;15;1;1.0
1412.0;15;1;1.0
1413.0;15;1;0.8
1414.0;15;1;0.7
1415.0;15;1;0.8
1416.0;15;1;0.8
1417.0;15;1;0.8
1418.0;15;1;1.0
1419.0;15;1;0.9
1420.0;15;0;1.0
1421.0;15;0;1.0
1422.0;15;0;1.2
1423.0;15;0;1.2
1424.0;15;0;1.1
1425.0;15;0;1.0
1426.0;15;0;1.3
1427.0;15;0;1.3
1428.0;15;0;1.3
1429.0;15;0;1.4
1430.0;15;0;1.3
1431.0;15;0;1.2
1432.0;15;0;1.0
1433.0;15;0;1.1
1434.0;15;0;1.2
1435.0;15;0;1.1
1436.0;15;0;0.9
1437.0;15;0;0.8
1438.0;15;0;0.6
1439.0;15;0;0.7
1440.0;15;0;0.5
1441.0;15;0;0.7
1442.0;15;0;0.7
1443.0;15;0;0.7
1444.0;15;0;0.8
1445.0;15;0;1.0
1446.0;15;0;1.1
1447.0;15;0;1.2
1448.0;15;0;1.3
1449.0;15;0;1.3
1450.0;15;0;1.4
1451.0;15;0;1.3
1452.0;15;0;1.4
1453.0;15;0;1.5
1454.0;15;0;1.3
1455.0;15;0;1.3
1456.0;15;0;1.3
1457.0;15;0;1.3
1458.0;15;0;1.5
1459.0;15;0;1.4
1460.0;15;0;1.5
1461.0;15;0;1.4
1462.0;15;0;1.4
1463.0;15;0;1.3
1464.0;15;0;1.3
1465.0;15;0;1.2
1466.0;15;0;1.1
1467.0;15;0;1.1
1468.0;15;0;0.8
1469.0;15;0;0.7
1470.0;15;0;0.8
1471.0;15;0;1.0
1472.0;15;0;1.0
1473.0;15;0;0.9
1474.0;15;0;1.1
1475.0;15;0;1.0
1476.0;15;0;1.0
1477.0;15;0;1.0
1478.0;15;0;1.1
1479.0;15;0;1.1
1480.0;15;0;0.8
1481.0;15;0;0.7
1482.0;15;0;0.7
1483.0;15;0;0.8
1484.0;15;0;0.6
1485.0;15;0;0.6
1486.0;15;0;0.5
1487.0;15;0;0.5
1488.0;15;0;0.7
1489.0;15;0;0.9
1490.0;15;0;1.3
1491.0;15;0;1.4
1492.0;15;0;1.4
1493.0;15;0;1.3
1494.0;15;0;1.3
1495.0;15;0;1.3
1496.0;15;0;1.5
1497.0;15;0;1.5
1498.0;15;0;1.2
1499.0;15;0;1.1
1500.0;15;0;0.7
1501.0;15;0;0.5
1502.0;15;0;0.5
1503.0;15;0;0.5
1504.0;15;0;0.5
1505.0;16;1;0.6
1506.0;16;1;0.4
1507.0;16;1;0.5
1508.0;16;1;0.5
1509.0;16;1;0.4
1510.0;16;1;0.4
1511.0;16;1;0.7
1512.0;16;1;0.8
1513.0;16;1;0.9
1514.0;16;1;1.0
1515.0;16;1;1.0
1516.0;16;1;1.0
1517.0;16;1;0.9
1518.0;16;1;1.1
1519.0;16;1;1.1
1520.0;16;1;1.1
1521.0;16;1;0.9
1522.0;16;1;0.7
1523.0;16;1;0.6
1524.0;16;1;0.6
1525.0;16;1;0.6
1526.0;16;1;0.6
1527.0;16;1;0.5
1528.0;16;1;0.4
1529.0;16;1;0.5
1530.0;16;1;0.6
1531.0;16;1;0.5
1532.0;16;1;0.6
1533.0;16;1;0.9
1534.0;16;1;1.0
1535.0;16;1;0.9
1536.0;16;1;1.1
1537.0;16;1;1.2
1538.0;16;1;1.1
1539.0;16;1;1.1
1540.0;16;1;1.0
1541.0;16;1;1.1
1542.0;16;1;1.1
1543.0;16;1;0.9
1544.0;16;1;0.7
1545.0;16;1;0.9
1546.0;16;1;0.7
1547.0;16;1;0.7
1548.0;16;1;0.9
1549.0;16;1;1.0
1550.0;16;1;1.0
1551.0;16;1;1.0
1552.0;16;1;1.1
1553.0;16;1;1.0
1554.0;16;1;1.0
1555.0;16;1;0.8
1556.0;16;1;1.0
1557.0;16;1;0.9
1558.0;16;1;0.8
1559.0;16;1;0.8
1560.0;16;1;1.0
1561.0;16;1;1.2
1562.0;16;1;1.1
1563.0;16;1;1.3
1564.0;16;1;1.3
1565.0;16;1;1.5
1566.0;16;1;1.5
1567.0;16;1;1.5
1568.0;16;1;1.4
1569.0;16;1;1.3
1570.0;16;1;1.2
1571.0;16;1;1.3
1572.0;16;1;1.3
1573.0;16;1;1.1
1574.0;16;1;1.1
1575.0;16;1;1.0
1576.0;16;1;0.8
1577.0;16;1;0.9
1578.0;16;1;1.0
1579.0;16;1;0.9
1580.0;16;1;0.8
1581.0;16;1;0.6
1582.0;16;1;0.5
1583.0;16;1;0.5
1584.0;16;1;0.5
1585.0;16;1;0.4
1586.0;16;1;0.5
1587.0;16;1;0.6
1588.0;16;1;0.5
1589.0;16;1;0.5
1590.0;16;1;0.5
1591.0;16;1;0.3
1592.0;16;1;0.5
1593.0;16;1;0.7
1594.0;16;1;0.7
1595.0;16;1;0.7
1596.0;16;1;0.7
1597.0;16;1;0.6
1598.0;16;1;0.6
1599.0;16;1;0.6
1600.0;16;1;1.0
1601.0;16;1;1.0
1602.0;16;1;0.8
1603.0;16;1;0.6
1604.0;16;1;0.8
1605.0;16;1;1.0
1606.0;16;1;0.9
1607.0;16;1;1.0
1608.0;16;0;1.0
1609.0;17;1;1.2
1610.0;17;1;0.8
1611.0;17;1;0.8
1612.0;17;1;0.8
1613.0;17;1;0.8
1614.0;17;1;0.7
1615.0;17;1;0.5
1616.0;17;1;0.6
1617.0;17;1;0.4
1618.0;17;1;0.4
1619.0;17;1;0.2
1620.0;17;1;0.2
1621.0;17;1;0.3
1622.0;17;1;0.3
1623.0;17;1;0.3
1624.0;17;1;0.2
1625.0;17;1;0.4
1626.0;17;1;0.3
1627.0;17;0;0.3
1628.0;17;0;0.3
1629.0;17;0;0.3
1630.0;17;0;0.5
1631.0;17;0;0.4
1632.0;17;0;0.5
1633.0;17;0;0.5
1634.0;17;0;0.6
1635.0;17;0;0.4
1636.0;18;1;0.5
1637.0;18;1;0.5
1638.0;18;1;0.5
1639.0;18;1;0.5
1640.0;18;1;0.4
1641.0;18;1;0.5
1642.0;18;1;0.4
1643.0;18;1;0.4
1644.0;18;1;0.3
1645.0;18;1;0.4
1646.0;18;1;0.3
1647.0;18;1;0.3
1648.0;18;1;0.3
1649.0;18;1;0.3
1650.0;18;1;0.2
1651.0;18;1;0.1
1652.0;18;1;0.3
1653.0;18;1;0.3
1654.0;18;1;0.3
1655.0;18;1;0.2
1656.0;18;1;0.2
1657.0;18;0;0.2
1658.0;18;0;0.2
1659.0;18;0;0.2
1660.0;18;0;0.3
1661.0;18;0;0.3
1662.0;18;0;0.1
1663.0;18;0;0.3
1664.0;18;0;0.3
1665.0;18;0;0.4
1666.0;18;0;0.4
1667.0;18;0;0.4
1668.0;18;0;0.5
1669.0;18;0;0.5
1670.0;18;0;0.4
1671.0;18;0;0.4
1672.0;18;0;0.4
1673.0;18;0;0.2
1674.0;18;0;0.3
1675.0;18;0;0.2
1676.0;18;0;0.2
1677.0;18;0;0.2
1678.0;18;0;0.2
1679.0;18;0;0.2
1680.0;18;0;0.2
1681.0;18;0;0.2
1682.0;18;0;0.2
1683.0;18;0;0.2
1684.0;18;0;0.1
1685.0;18;0;0.1
1686.0;18;0;0.2
1687.0;18;0;0.2
1688.0;18;0;0.1
1689.0;18;0;0.1
1690.0;18;0;0.1
1691.0;18;0;0.1
1692.0;18;0;0.1
1693.0;18;0;0.1
1694.0;18;0;0.1
1695.0;18;0;0.1
1696.0;18;0;0.0
1697.0;18;0;0.0
1698.0;18;0;0.0
1699.0;18;0;0.1
1700.0;18;0;0.2
1701.0;18;0;0.2
1702.0;18;0;0.3
1703.0;18;0;0.4
1704.0;18;0;0.4
1705.0;18;0;0.4
1706.0;18;0;0.5
1707.0;18;0;0.5
1708.0;18;0;0.7
1709.0;18;0;0.7
1710.0;18;0;0.6
1711.0;18;0;0.6
1712.0;18;0;0.5
1713.0;18;0;0.4
1714.0;18;0;0.4
1715.0;18;0;0.5
1716.0;18;0;0.5
1717.0;18;0;0.6
1718.0;18;0;0.6
1719.0;18;0;0.5
1720.0;18;0;0.5
1721.0;18;0;0.5
1722.0;18;0;0.5
1723.0;18;0;0.6
1724.0;18;0;0.6
1725.0;18;0;0.5
1726.0;18;0;0.6
1727.0;18;0;0.5
1728.0;18;0;0.3
1729.0;18;0;0.4
1730.0;18;0;0.4
1731.0;18;0;0.5
1732.0;18;0;0.8
1733.0;18;0;0.9
1734.0;18;0;0.9
1735.0;18;0;1.0
1736.0;18;0;0.8
1737.0;18;0;0.8
1738.0;18;0;0.8
1739.0;18;0;0.8
1740.0;18;0;0.9
1741.0;18;0;0.9
1742.0;18;0;0.7
1743.0;18;0;0.6
1744.0;18;0;0.6
1745.0;18;0;0.5
1746.0;18;0;0.6
1747.0;18;0;0.8
1748.0;18;0;0.8
1749.0;18;0;0.8
1750.0;18;0;0.8
1751.0;18;0;0.7
1752.0;18;0;0.7
1753.0;18;0;0.6
1754.0;18;0;0.6
1755.0;18;0;0.6
1756.0;18;0;0.6
1757.0;18;0;0.4
1758.0;18;0;0.5
1759.0;18;0;0.6
1760.0;18;0;0.5
1761.0;18;0;0.5
1762.0;18;0;0.4
1763.0;18;0;0.4
1764.0;18;0;0.5
1765.0;18;0;0.5
1766.0;18;0;0.4
1767.0;18;0;0.4
1768.0;18;0;0.4
1769.0;18;0;0.2
1770.0;18;0;0.3
1771.0;18;0;0.3
1772.0;18;0;0.3
1773.0;18;0;0.3
1774.0;18;0;0.3
1775.0;18;0;0.3
1776.0;18;0;0.3
1777.0;18;0;0.3
1778.0;18;0;0.4
1779.0;18;0;0.5
1780.0;18;0;0.4
1781.0;18;0;0.5
1782.0;18;0;0.5
1783.0;18;0;0.5
1784.0;18;0;0.4
1785.0;18;0;0.4
1786.0;18;0;0.5
1787.0;18;0;0.5
1788.0;18;0;0.4
1789.0;18;0;0.4
1790.0;18;0;0.4
1791.0;18;0;0.3
1792.0;18;0;0.3
1793.0;18;0;0.4
1794.0;18;0;0.5
1795.0;18;0;0.6
1796.0;18;0;0.6
1797.0;18;0;0.6
1798.0;18;0;0.6
1799.0;18;0;0.5
1800.0;18;0;0.5
1801.0;18;0;0.6
1802.0;18;0;0.7
1803.0;18;0;0.6
1804.0;18;0;0.5
1805.0;18;0;0.6
1806.0;18;0;0.6
1807.0;18;0;0.6
1808.0;18;0;0.5
1809.0;18;0;0.7
1810.0;18;0;0.7
1811.0;18;0;0.6
1812.0;18;0;0.5
1813.0;18;0;0.6
1814.0;18;0;0.6
1815.0;18;0;0.4
1816.0;18;0;0.5
1817.0;18;0;0.6
1818.0;18;0;0.6
1819.0;18;0;0.4
1820.0;18;0;0.4
1821.0;18;0;0.4
1822.0;18;0;0.4
1823.0;18;0;0.5
1824.0;18;0;0.7
1825.0;18;0;0.7
1826.0;18;0;0.5
1827.0;18;0;0.4
1828.0;18;0;0.4
1829.0;18;0;0.4
1830.0;18;0;0.8
1831.0;18;0;0.8
1832.0;18;0;0.8
1833.0;18;0;0.6
1834.0;18;0;0.5
1835.0;18;0;0.6
1836.0;18;0;0.6
1837.0;18;0;0.6
1838.0;18;0;1.0
1839.0;18;0;1.1
1840.0;18;0;0.7
1841.0;18;0;0.7
1842.0;18;0;0.8
1843.0;18;0;0.9
1844.0;18;0;0.9
1845.0;18;0;0.9
1846.0;18;0;1.0
1847.0;18;0;1.0
1848.0;18;0;0.6
1849.0;18;0;0.5
1850.0;18;0;0.6
1851.0;18;0;0.7
1852.0;18;0;0.6
1853.0;18;0;0.6
1854.0;18;0;0.6
1855.0;18;0;0.5
1856.0;18;0;0.5
1857.0;18;0;0.5
1858.0;18;0;0.5
1859.0;18;0;0.5
1860.0;19;1;0.6
1861.0;19;1;0.6
1862.0;19;1;0.6
1863.0;19;1;0.5
1864.0;19;1;0.4
1865.0;19;1;0.4
1866.0;19;1;0.3
1867.0;19;1;0.3
1868.0;19;1;0.3
1869.0;19;1;0.3
1870.0;19;1;0.1
1871.0;19;1;0.0
1872.0;19;1;0.0
1873.0;19;1;0.0
1874.0;19;1;0.0
1875.0;19;1;0.0
1876.0;19;1;0.0
1877.0;19;1;0.1
1878.0;19;1;0.1
1879.0;19;1;0.1
1880.0;19;1;0.1
1881.0;19;1;0.1
1882.0;19;1;0.1
1883.0;19;1;0.1
1884.0;19;1;0.1
1885.0;19;1;0.1
1886.0;19;1;0.2
1887.0;19;0;0.1
1888.0;19;0;0.1
1889.0;19;0;0.2
1890.0;19;0;0.2
1891.0;19;0;0.2
1892.0;19;0;0.2
1893.0;19;0;0.2
1894.0;19;0;0.2
1895.0;19;0;0.2
1896.0;19;0;0.1
1897.0;19;0;0.1
1898.0;19;0;0.1
1899.0;19;0;0.0
1900.0;19;0;0.0
1901.0;19;0;0.0
1902.0;19;0;0.0
1903.0;19;0;0.0
1904.0;19;0;0.0
1905.0;19;0;0.0
1906.0;19;0;0.0
1907.0;19;0;0.0
1908.0;19;0;0.0
1909.0;19;0;0.0
1910.0;19;0;0.1
1911.0;19;0;0.1
1912.0;19;0;0.1
1913.0;19;0;0.2
1914.0;19;0;0.3
1915.0;19;0;0.3
1916.0;19;0;0.3
1917.0;19;0;0.3
1918.0;19;0;0.3
1919.0;19;0;0.3
1920.0;19;0;0.2
1921.0;19;0;0.2
1922.0;19;0;0.2
1923.0;19;0;0.2
1924.0;19;0;0.1
1925.0;19;0;0.1
1926.0;19;0;0.2
1927.0;19;0;0.3
1928.0;19;0;0.3
1929.0;19;0;0.3
1930.0;19;0;0.3
1931.0;19;0;0.4
1932.0;19;0;0.4
1933.0;19;0;0.3
1934.0;19;0;0.3
1935.0;19;0;0.3
1936.0;19;0;0.3
1937.0;19;0;0.2
1938.0;19;0;0.2
1939.0;19;0;0.2
1940.0;19;0;0.2
1941.0;19;0;0.1
1942.0;19;0;0.1
1943.0;19;0;0.2
1944.0;19;0;0.2
1945.0;19;0;0.2
1946.0;19;0;0.1
1947.0;19;0;0.1
1948.0;19;0;0.1
1949.0;19;0;0.2
1950.0;19;0;0.2
1951.0;19;0;0.2
1952.0;19;0;0.2
1953.0;19;0;0.1
1954.0;19;0;0.1
1955.0;19;0;0.2
1956.0;19;0;0.2
1957.0;19;0;0.3
1958.0;19;0;0.4
1959.0;19;0;0.3
1960.0;19;0;0.3
1961.0;19;0;0.4
1962.0;19;0;0.4
1963.0;19;0;0.4
1964.0;19;0;0.6
1965.0;19;0;0.5
1966.0;19;0;0.5
1967.0;19;0;0.4
1968.0;19;0;0.3
1969.0;19;0;0.4
1970.0;19;0;0.4
1971.0;19;0;0.5
1972.0;19;0;0.7
1973.0;19;0;0.8
1974.0;19;0;0.6
1975.0;19;0;0.6
1976.0;19;0;0.7
1977.0;19;0;0.8
1978.0;19;0;0.8
1979.0;19;0;0.8
1980.0;19;0;0.8
1981.0;19;0;0.6
1982.0;19;0;0.4
1983.0;19;0;0.3
1984.0;19;0;0.3
1985.0;19;0;0.3
1986.0;19;0;0.2
1987.0;19;0;0.1
1988.0;19;0;0.1
1989.0;19;0;0.0
1990.0;19;0;0.0
1991.0;19;0;0.0
1992.0;19;0;0.0
1993.0;19;0;0.1
1994.0;19;0;0.2
1995.0;19;0;0.3
1996.0;19;0;0.3
1997.0;19;0;0.4
1998.0;19;0;0.6
1999.0;19;0;0.6
2000.0;19;0;0.6
2001.0;19;0;0.6
2002.0;19;0;0.7
2003.0;19;0;0.6
2004.0;19;0;0.5
2005.0;19;0;0.4
2006.0;19;0;0.4
2007.0;19;0;0.3
2008.0;19;0;0.1
2009.0;19;0;0.1
2010.0;19;0;0.1
2011.0;19;0;0.1
2012.0;19;0;0.0
2013.0;19;0;0.1
2014.0;19;0;0.1
2015.0;19;0;0.1
2016.0;19;0;0.1
2017.0;19;0;0.1
2018.0;19;0;0.1
2019.0;19;0;0.1
2020.0;19;0;0.1
2021.0;19;0;0.3
2022.0;19;0;0.4
2023.0;19;0;0.3
2024.0;19;0;0.4
2025.0;19;0;0.4
2026.0;19;0;0.4
2027.0;19;0;0.5
2028.0;19;0;0.5
2029.0;19;0;0.5
2030.0;19;0;0.5
2031.0;19;0;0.3
2032.0;19;0;0.2
2033.0;19;0;0.3
2034.0;19;0;0.2
2035.0;19;0;0.2
2036.0;19;0;0.2
2037.0;19;0;0.1
2038.0;19;0;0.1
2039.0;19;0;0.1
2040.0;19;0;0.1
2041.0;19;0;0.1
2042.0;19;0;0.1
2043.0;19;0;0.0
2044.0;19;0;0.0
2045.0;19;0;0.0
2046.0;19;0;0.0
2047.0;19;0;0.0
2048.0;19;0;0.1
2049.0;19;0;0.2
2050.0;19;0;0.2
2051.0;19;0;0.2
2052.0;19;0;0.2
2053.0;19;0;0.2
2054.0;19;0;0.2
2055.0;19;0;0.3
2056.0;19;0;0.3
2057.0;19;0;0.4
2058.0;19;0;0.3
2059.0;19;0;0.2
2060.0;19;0;0.2
2061.0;19;0;0.2
2062.0;19;0;0.3
2063.0;19;0;0.4
2064.0;19;0;0.4
2065.0;19;0;0.3
2066.0;19;0;0.4
2067.0;19;0;0.3
2068.0;19;0;0.3
2069.0;19;0;0.3
2070.0;19;0;0.3
2071.0;19;0;0.3
2072.0;19;0;0.3
2073.0;19;0;0.2
2074.0;19;0;0.2
2075.0;19;0;0.3
2076.0;19;0;0.3
2077.0;19;0;0.3
2078.0;19;0;0.3
2079.0;19;0;0.4
2080.0;19;0;0.4
2081.0;19;0;0.4
2082.0;19;0;0.3
2083.0;19;0;0.3
2084.0;19;0;0.3
2085.0;19;0;0.3
2086.0;19;0;0.2
2087.0;19;0;0.2
2088.0;19;0;0.2
2089.0;19;0;0.2
2090.0;19;0;0.2
2091.0;19;0;0.2
2092.0;19;0;0.2
2093.0;19;0;0.2
2094.0;19;0;0.2
2095.0;19;0;0.3
2096.0;19;0;0.3
2097.0;19;0;0.3
2098.0;19;0;0.3
2099.0;19;0;0.2
2100.0;19;0;0.2
2101.0;19;0;0.2
2102.0;19;0;0.3
2103.0;19;0;0.3
2104.0;19;0;0.3
2105.0;19;0;0.2
2106.0;19;0;0.2
2107.0;19;0;0.2
2108.0;19;0;0.2
2109.0;19;0;0.3
2110.0;19;0;0.3
2111.0;19;0;0.3
2112.0;19;0;0.2
2113.0;19;0;0.4
2114.0;19;0;0.4
2115.0;19;0;0.5
2116.0;19;0;0.5
2117.0;19;0;0.5
2118.0;19;0;0.5
2119.0;19;0;0.4
2120.0;19;0;0.5
2121.0;19;0;0.5
2122.0;19;0;0.6
2123.0;19;0;0.4
2124.0;19;0;0.4
2125.0;19;0;0.3
2126.0;19;0;0.5
2127.0;19;0;0.5
2128.0;19;0;0.6
2129.0;19;0;0.6
2130.0;19;0;0.6
2131.0;19;0;0.6
2132.0;19;0;0.5
2133.0;19;0;0.5
2134.0;19;0;0.7
2135.0;19;0;0.6
2136.0;19;0;0.4
2137.0;19;0;0.4
2138.0;19;0;0.3
2139.0;19;0;0.3
2140.0;19;0;0.2
2141.0;19;0;0.3
2142.0;19;0;0.3
2143.0;19;0;0.4
2144.0;19;0;0.3
2145.0;19;0;0.3
2146.0;19;0;0.3
2147.0;19;0;0.3
2148.0;19;0;0.3
2149.0;19;0;0.4
2150.0;19;0;0.5
2151.0;19;0;0.4
2152.0;19;0;0.4
2153.0;19;0;0.3
2154.0;19;0;0.2
2155.0;19;0;0.2
2156.0;19;0;0.2
2157.0;19;0;0.2
2158.0;19;0;0.2
2159.0;19;0;0.1
2160.0;19;0;0.0
2161.0;19;0;0.0
2162.0;19;0;0.0
2163.0;19;0;0.1
2164.0;19;0;0.1
2165.0;19;0;0.1
2166.0;19;0;0.2
2167.0;19;0;0.2
2168.0;19;0;0.3
2169.0;19;0;0.3
2170.0;19;0;0.5
2171.0;19;0;0.6
2172.0;19;0;0.6
2173.0;19;0;0.5
2174.0;19;0;0.5
2175.0;19;0;0.5
2176.0;19;0;0.4
2177.0;19;0;0.5
2178.0;19;0;0.6
2179.0;19;0;0.6
2180.0;19;0;0.4
2181.0;19;0;0.3
2182.0;19;0;0.4
2183.0;19;0;0.4
2184.0;19;0;0.4
2185.0;19;0;0.4
2186.0;19;0;0.5
2187.0;19;0;0.5
2188.0;19;0;0.3
2189.0;19;0;0.3
2190.0;19;0;0.4
2191.0;19;0;0.4
2192.0;19;0;0.4
2193.0;19;0;0.4
2194.0;19;0;0.4
2195.0;19;0;0.4
2196.0;19;0;0.3
2197.0;19;0;0.2
2198.0;19;0;0.2
2199.0;19;0;0.2
2200.0;19;0;0.1
2201.0;19;0;0.1
2202.0;19;0;0.0
2203.0;19;0;0.0
2204.0;19;0;0.0
2205.0;19;0;0.0
2206.0;19;0;0.1
2207.0;19;0;0.1
2208.0;19;0;0.1
2209.0;19;0;0.1
2210.0;19;0;0.1
2211.0;19;0;0.1
2212.0;19;0;0.1
2213.0;19;0;0.1
2214.0;19;0;0.1
2215.0;19;0;0.1
2216.0;19;0;0.0
2217.0;19;0;0.0
2218.0;19;0;0.0
2219.0;19;0;0.0
2220.0;19;0;0.0
2221.0;19;0;0.1
2222.0;19;0;0.1
2223.0;19;0;0.1
2224.0;19;0;0.1
2225.0;19;0;0.1
2226.0;19;0;0.2
2227.0;19;0;0.2
2228.0;19;0;0.2
2229.0;19;0;0.2
2230.0;19;0;0.2
2231.0;19;0;0.1
2232.0;19;0;0.2
2233.0;19;0;0.3
2234.0;19;0;0.4
2235.0;19;0;0.4
2236.0;19;0;0.3
2237.0;19;0;0.3
2238.0;19;0;0.4
2239.0;19;0;0.5
2240.0;19;0;0.6
2241.0;19;0;0.6
2242.0;19;0;0.6
2243.0;19;0;0.5
2244.0;19;0;0.4
2245.0;19;0;0.4
2246.0;19;0;0.4
2247.0;19;0;0.5
2248.0;19;0;0.4
2249.0;19;0;0.3
2250.0;19;0;0.2
2251.0;19;0;0.2
2252.0;19;0;0.1
2253.0;19;0;0.1
2254.0;19;0;0.1
2255.0;19;0;0.1
2256.0;19;0;0.1
2257.0;19;0;0.0
2258.0;19;0;0.0
2259.0;19;0;0.2
2260.0;19;0;0.2
2261.0;19;0;0.2
2262.0;19;0;0.3
2263.0;19;0;0.3
2264.0;19;0;0.3
2265.0;19;0;0.3
2266.0;19;0;0.3
2267.0;19;0;0.3
2268.0;19;0;0.3
2269.0;19;0;0.1
2270.0;19;0;0.2
2271.0;19;0;0.2
2272.0;19;0;0.1
2273.0;19;0;0.1
2274.0;19;0;0.2
2275.0;19;0;0.2
2276.0;19;0;0.2
2277.0;19;0;0.3
2278.0;19;0;0.3
2279.0;19;0;0.3
2280.0;19;0;0.2
2281.0;19;0;0.2
2282.0;19;0;0.2
2283.0;19;0;0.2
2284.0;19;0;0.3
2285.0;19;0;0.4
2286.0;19;0;0.4
2287.0;19;0;0.3
2288.0;19;0;0.4
2289.0;19;0;0.4
2290.0;19;0;0.4
2291.0;19;0;0.4
2292.0;19;0;0.5
2293.0;19;0;0.5
2294.0;19;0;0.3
2295.0;19;0;0.2
2296.0;19;0;0.2
2297.0;19;0;0.3
2298.0;19;0;0.2
2299.0;19;0;0.2
2300.0;19;0;0.2
2301.0;19;0;0.2
2302.0;19;0;0.2
2303.0;19;0;0.2
2304.0;19;0;0.2
2305.0;19;0;0.2
2306.0;19;0;0.2
2307.0;19;0;0.1
2308.0;19;0;0.2
2309.0;19;0;0.2
2310.0;19;0;0.4
2311.0;19;0;0.4
2312.0;19;0;0.4
2313.0;19;0;0.4
2314.0;19;0;0.4
2315.0;19;0;0.5
2316.0;19;0;0.6
2317.0;19;0;0.6
2318.0;19;0;0.5
2319.0;19;0;0.5
2320.0;19;0;0.3
2321.0;19;0;0.4
2322.0;19;0;0.3
2323.0;19;0;0.5
2324.0;19;0;0.7
2325.0;19;0;0.6
2326.0;19;0;0.5
2327.0;19;0;0.5
2328.0;19;0;0.5
2329.0;19;0;0.5
2330.0;19;0;0.5
2331.0;19;0;0.4
2332.0;19;0;0.4
2333.0;19;0;0.4
2334.0;19;0;0.3
2335.0;19;0;0.4
2336.0;19;0;0.4
2337.0;19;0;0.4
2338.0;19;0;0.4
2339.0;19;0;0.5
2340.0;19;0;0.6
2341.0;19;0;0.6
2342.0;19;0;0.6
2343.0;19;0;0.4
2344.0;19;0;0.4
2345.0;19;0;0.3
2346.0;19;0;0.3
2347.0;19;0;0.3
2348.0;19;0;0.3
2349.0;19;0;0.2
2350.0;19;0;0.1
2351.0;19;0;0.1
2352.0;19;0;0.1
2353.0;19;0;0.1
2354.0;19;0;0.0
2355.0;19;0;0.0
2356.0;19;0;0.0
2357.0;19;0;0.0
2358.0;19;0;0.1
2359.0;19;0;0.1
2360.0;19;0;0.1
2361.0;19;0;0.2
2362.0;19;0;0.3
2363.0;19;0;0.4
2364.0;19;0;0.4
2365.0;19;0;0.4
2366.0;19;0;0.4
2367.0;19;0;0.4
2368.0;19;0;0.3
2369.0;19;0;0.3
2370.0;19;0;0.3
2371.0;19;0;0.2
2372.0;19;0;0.1
2373.0;19;0;0.1
2374.0;19;0;0.1
2375.0;19;0;0.2
2376.0;19;0;0.2
2377.0;19;0;0.3
2378.0;19;0;0.3
2379.0;19;0;0.3
2380.0;19;0;0.3
2381.0;19;0;0.4
2382.0;19;0;0.5
2383.0;19;0;0.4
2384.0;19;0;0.4
2385.0;19;0;0.3
2386.0;19;0;0.3
2387.0;19;0;0.3
2388.0;19;0;0.3
2389.0;19;0;0.3
2390.0;19;0;0.3
2391.0;19;0;0.2
2392.0;19;0;0.1
2393.0;19;0;0.1
2394.0;19;0;0.1
2395.0;19;0;0.1
2396.0;19;0;0.2
2397.0;19;0;0.1
2398.0;19;0;0.1
2399.0;19;0;0.1
2400.0;19;0;0.1
2401.0;19;0;0.1
2402.0;19;0;0.1
2403.0;19;0;0.1
2404.0;19;0;0.1
2405.0;19;0;0.1
2406.0;19;0;0.0
2407.0;19;0;0.0
2408.0;19;0;0.0
2409.0;19;0;0.0
2410.0;19;0;0.0
2411.0;19;0;0.0
2412.0;19;0;0.1
2413.0;19;0;0.1
2414.0;19;0;0.1
2415.0;19;0;0.1
2416.0;19;0;0.2
2417.0;19;0;0.2
2418.0;19;0;0.3
2419.0;19;0;0.3
2420.0;19;0;0.3
2421.0;19;0;0.3
2422.0;19;0;0.3
2423.0;19;0;0.3
2424.0;19;0;0.3
2425.0;19;0;0.3
2426.0;19;0;0.3
2427.0;19;0;0.4
2428.0;19;0;0.4
2429.0;19;0;0.5
2430.0;19;0;0.5
2431.0;19;0;0.5
2432.0;19;0;0.4
2433.0;19;0;0.5
2434.0;19;0;0.5
2435.0;19;0;0.5
2436.0;19;0;0.4
2437.0;19;0;0.3
2438.0;19;0;0.2
2439.0;19;0;0.3
2440.0;19;0;0.3
2441.0;19;0;0.4
2442.0;19;0;0.5
2443.0;19;0;0.4
2444.0;19;0;0.4
2445.0;19;0;0.4
2446.0;19;0;0.4
2447.0;19;0;0.4
2448.0;19;0;0.4
2449.0;19;0;0.2
2450.0;19;0;0.3
2451.0;19;0;0.2
2452.0;19;0;0.1
2453.0;19;0;0.1
2454.0;19;0;0.1
2455.0;19;0;0.1
2456.0;19;0;0.1
2457.0;19;0;0.1
2458.0;19;0;0.1
2459.0;19;0;0.3
2460.0;19;0;0.2
2461.0;19;0;0.2
2462.0;19;0;0.2
2463.0;19;0;0.2
2464.0;19;0;0.3
2465.0;19;0;0.3
2466.0;19;0;0.3
2467.0;19;0;0.3
2468.0;19;0;0.3
2469.0;19;0;0.1
2470.0;19;0;0.1
2471.0;19;0;0.1
2472.0;19;0;0.1
2473.0;19;0;0.2
2474.0;19;0;0.1
2475.0;19;0;0.1
2476.0;19;0;0.1
2477.0;19;0;0.1
2478.0;19;0;0.2
2479.0;19;0;0.2
2480.0;19;0;0.2
2481.0;19;0;0.3
2482.0;19;0;0.3
2483.0;19;0;0.3
2484.0;19;0;0.3
2485.0;19;0;0.4
2486.0;19;0;0.5
2487.0;19;0;0.5
2488.0;19;0;0.4
2489.0;19;0;0.4
2490.0;19;0;0.6
2491.0;19;0;0.5
2492.0;19;0;0.6
2493.0;19;0;0.5
2494.0;19;0;0.6
2495.0;19;0;0.5
2496.0;19;0;0.6
2497.0;19;0;0.7
2498.0;19;0;0.9
2499.0;19;0;0.9
2500.0;19;0;0.8
2501.0;19;0;0.8
2502.0;19;0;0.7
2503.0;19;0;0.8
2504.0;19;0;0.7
2505.0;19;0;0.7
2506.0;19;0;0.5
2507.0;19;0;0.5
2508.0;19;0;0.3
2509.0;19;0;0.3
2510.0;19;0;0.2
2511.0;19;0;0.2
2512.0;19;0;0.3
2513.0;19;0;0.2
2514.0;19;0;0.2
2515.0;19;0;0.2
2516.0;19;0;0.3
2517.0;19;0;0.2
2518.0;19;0;0.2
2519.0;19;0;0.3
2520.0;19;0;0.3
2521.0;19;0;0.4
2522.0;19;0;0.3
2523.0;19;0;0.4
2524.0;19;0;0.4
2525.0;19;0;0.4
2526.0;19;0;0.3
2527.0;19;0;0.3
2528.0;19;0;0.4
2529.0;19;0;0.3
2530.0;19;0;0.3
2531.0;19;0;0.2
2532.0;19;0;0.2
2533.0;19;0;0.1
2534.0;19;0;0.1
2535.0;19;0;0.1
2536.0;19;0;0.1
2537.0;19;0;0.2
2538.0;19;0;0.1
2539.0;19;0;0.1
2540.0;19;0;0.2
2541.0;19;0;0.2
2542.0;19;0;0.2
2543.0;19;0;0.2
2544.0;19;0;0.2
2545.0;19;0;0.3
2546.0;19;0;0.3
2547.0;19;0;0.2
2548.0;19;0;0.2
2549.0;19;0;0.2
2550.0;19;0;0.1
2551.0;19;0;0.1
2552.0;19;0;0.1
2553.0;19;0;0.1
2554.0;19;0;0.1
2555.0;19;0;0.0
2556.0;19;0;0.0
2557.0;19;0;0.1
2558.0;19;0;0.1
2559.0;19;0;0.1
2560.0;19;0;0.1
2561.0;19;0;0.1
2562.0;19;0;0.1
2563.0;19;0;0.3
2564.0;19;0;0.3
2565.0;19;0;0.3
2566.0;19;0;0.3
2567.0;19;0;0.2
2568.0;19;0;0.3
2569.0;19;0;0.3
2570.0;19;0;0.3
2571.0;19;0;0.3
2572.0;19;0;0.3
2573.0;19;0;0.1
2574.0;19;0;0.1
2575.0;19;0;0.1
2576.0;19;0;0.2
2577.0;19;0;0.4
2578.0;19;0;0.3
2579.0;19;0;0.4
2580.0;19;0;0.4
2581.0;19;0;0.4
2582.0;19;0;0.4
2583.0;19;0;0.4
2584.0;19;0;0.4
2585.0;19;0;0.5
2586.0;19;0;0.4
2587.0;19;0;0.2
2588.0;19;0;0.2
2589.0;19;0;0.1
2590.0;19;0;0.1
2591.0;19;0;0.3
2592.0;19;0;0.3
2593.0;19;0;0.4
2594.0;19;0;0.4
2595.0;19;0;0.4
2596.0;19;0;0.4
2597.0;19;0;0.4
2598.0;19;0;0.4
2599.0;19;0;0.4
2600.0;19;0;0.6
2601.0;19;0;0.4
2602.0;19;0;0.4
2603.0;19;0;0.3
2604.0;19;0;0.3
2605.0;19;0;0.2
2606.0;19;0;0.2
2607.0;19;0;0.4
2608.0;19;0;0.4
2609.0;19;0;0.4
2610.0;19;0;0.2
2611.0;19;0;0.3
2612.0;19;0;0.3
2613.0;19;0;0.4
2614.0;19;0;0.4
2615.0;19;0;0.6
2616.0;19;0;0.7
2617.0;19;0;0.5
2618.0;19;0;0.5
2619.0;19;0;0.6
2620.0;19;0;0.6
2621.0;19;0;0.5
2622.0;19;0;0.6
2623.0;19;0;0.5
2624.0;19;0;0.5
2625.0;19;0;0.4
2626.0;19;0;0.4
2627.0;19;0;0.5
2628.0;19;0;0.5
2629.0;19;0;0.5
2630.0;19;0;0.5
2631.0;19;0;0.6
2632.0;19;0;0.6
2633.0;19;0;0.8
2634.0;19;0;0.8
2635.0;19;0;0.7
2636.0;19;0;0.6
2637.0;19;0;0.5
2638.0;19;0;0.5
2639.0;19;0;0.5
2640.0;19;0;0.5
2641.0;19;0;0.4
2642.0;19;0;0.3
2643.0;19;0;0.2
2644.0;19;0;0.2
2645.0;19;0;0.2
2646.0;19;0;0.2
2647.0;19;0;0.2
2648.0;19;0;0.2
2649.0;19;0;0.2
2650.0;19;0;0.2
2651.0;19;0;0.3
2652.0;19;0;0.3
2653.0;19;0;0.2
2654.0;19;0;0.2
2655.0;19;0;0.2
2656.0;19;0;0.2
2657.0;19;0;0.3
2658.0;19;0;0.3
2659.0;19;0;0.3
2660.0;19;0;0.3
2661.0;19;0;0.2
2662.0;19;0;0.2
2663.0;19;0;0.2
2664.0;19;0;0.2
2665.0;19;0;0.2
2666.0;19;0;0.2
2667.0;19;0;0.2
2668.0;19;0;0.4
2669.0;19;0;0.3
2670.0;19;0;0.3
2671.0;19;0;0.3
2672.0;19;0;0.3
2673.0;19;0;0.3
2674.0;19;0;0.3
2675.0;19;0;0.3
2676.0;19;0;0.3
2677.0;19;0;0.3
2678.0;19;0;0.1
2679.0;19;0;0.1
2680.0;19;0;0.1
2681.0;19;0;0.3
2682.0;19;0;0.3
2683.0;19;0;0.3
2684.0;19;0;0.3
2685.0;19;0;0.3
2686.0;19;0;0.3
2687.0;19;0;0.2
2688.0;19;0;0.3
2689.0;19;0;0.3
2690.0;19;0;0.4
2691.0;19;0;0.2
2692.0;19;0;0.2
2693.0;19;0;0.2
2694.0;19;0;0.2
2695.0;19;0;0.2
2696.0;19;0;0.2
2697.0;19;0;0.2
2698.0;19;0;0.2
2699.0;19;0;0.2
2700.0;19;0;0.1
2701.0;19;0;0.1
2702.0;19;0;0.1
2703.0;19;0;0.1
2704.0;19;0;0.1
2705.0;19;0;0.1
2706.0;19;0;0.1
2707.0;19;0;0.2
2708.0;19;0;0.1
2709.0;19;0;0.2
2710.0;19;0;0.2
2711.0;19;0;0.2
2712.0;19;0;0.2
2713.0;19;0;0.2
2714.0;19;0;0.3
2715.0;19;0;0.4
2716.0;19;0;0.4
2717.0;19;0;0.5
2718.0;19;0;0.6
2719.0;19;0;0.5
2720.0;19;0;0.5
2721.0;19;0;0.6
2722.0;19;0;0.6
2723.0;19;0;0.6
2724.0;19;0;0.6
2725.0;19;0;0.6
2726.0;19;0;0.8
2727.0;19;0;0.6
2728.0;19;0;0.5
2729.0;19;0;0.6
2730.0;19;0;0.7
2731.0;19;0;0.6
2732.0;19;0;0.7
2733.0;19;0;0.7
2734.0;19;0;0.6
2735.0;19;0;0.5
2736.0;19;0;0.3
2737.0;19;0;0.3
2738.0;19;0;0.3
2739.0;19;0;0.3
2740.0;19;0;0.2
2741.0;19;0;0.2
2742.0;19;0;0.1
2743.0;19;0;0.2
2744.0;19;0;0.4
2745.0;19;0;0.4
2746.0;19;0;0.4
2747.0;19;0;0.4
2748.0;19;0;0.5
2749.0;19;0;0.4
2750.0;19;0;0.4
2751.0;19;0;0.5
2752.0;19;0;0.6
2753.0;19;0;0.5
2754.0;19;0;0.3
2755.0;19;0;0.3
2756.0;19;0;0.4
2757.0;19;0;0.6
2758.0;19;0;0.5
2759.0;19;0;0.5
2760.0;19;0;0.5
2761.0;19;0;0.5
2762.0;19;0;0.4
2763.0;19;0;0.4
2764.0;19;0;0.4
2765.0;19;0;0.4
2766.0;19;0;0.3
2767.0;19;0;0.1
2768.0;19;0;0.1
2769.0;19;0;0.1
2770.0;19;0;0.1
2771.0;19;0;0.0
2772.0;19;0;0.1
2773.0;19;0;0.2
2774.0;19;0;0.2
2775.0;19;0;0.2
2776.0;19;0;0.2
2777.0;19;0;0.3
2778.0;19;0;0.4
2779.0;19;0;0.4
2780.0;19;0;0.4
2781.0;19;0;0.5
2782.0;19;0;0.4
2783.0;19;0;0.3
2784.0;19;0;0.4
2785.0;19;0;0.5
2786.0;19;0;0.6
2787.0;19;0;0.5
2788.0;19;0;0.4
2789.0;19;0;0.4
2790.0;19;0;0.4
2791.0;19;0;0.4
2792.0;19;0;0.5
2793.0;19;0;0.5
2794.0;19;0;0.5
2795.0;19;0;0.4
2796.0;19;0;0.3
2797.0;19;0;0.4
2798.0;19;0;0.4
2799.0;19;0;0.4
2800.0;19;0;0.4
2801.0;19;0;0.3
2802.0;19;0;0.2
2803.0;19;0;0.2
2804.0;19;0;0.1
2805.0;19;0;0.1
2806.0;19;0;0.1
2807.0;19;0;0.0
2808.0;19;0;0.0
2809.0;19;0;0.1
2810.0;19;0;0.1
2811.0;19;0;0.1
2812.0;19;0;0.1
2813.0;19;0;0.1
2814.0;19;0;0.2
2815.0;19;0;0.2
2816.0;19;0;0.2
2817.0;19;0;0.2
2818.0;19;0;0.2
2819.0;19;0;0.1
2820.0;19;0;0.1
2821.0;19;0;0.1
2822.0;19;0;0.1
2823.0;19;0;0.1
2824.0;19;0;0.1
2825.0;19;0;0.1
2826.0;19;0;0.1
2827.0;19;0;0.1
2828.0;19;0;0.1
2829.0;19;0;0.1
2830.0;19;0;0.1
2831.0;19;0;0.1
2832.0;19;0;0.1
2833.0;19;0;0.1
2834.0;19;0;0.1
2835.0;19;0;0.1
2836.0;19;0;0.1
2837.0;19;0;0.2
2838.0;19;0;0.2
2839.0;19;0;0.2
2840.0;19;0;0.3
2841.0;19;0;0.3
2842.0;19;0;0.3
2843.0;19;0;0.3
2844.0;19;0;0.3
2845.0;19;0;0.3
2846.0;19;0;0.3
2847.0;19;0;0.2
2848.0;19;0;0.3
2849.0;19;0;0.4
2850.0;19;0;0.3
2851.0;19;0;0.5
2852.0;19;0;0.5
2853.0;19;0;0.6
2854.0;19;0;0.5
2855.0;19;0;0.5
2856.0;19;0;0.5
2857.0;19;0;0.5
2858.0;19;0;0.4
2859.0;19;0;0.3
2860.0;19;0;0.3
2861.0;19;0;0.2
2862.0;19;0;0.2
2863.0;19;0;0.1
2864.0;19;0;0.1
2865.0;19;0;0.1
2866.0;19;0;0.2
2867.0;19;0;0.3
2868.0;19;0;0.3
2869.0;19;0;0.3
2870.0;19;0;0.3
2871.0;19;0;0.2
2872.0;19;0;0.2
2873.0;19;0;0.2
2874.0;19;0;0.2
2875.0;19;0;0.3
2876.0;19;0;0.2
2877.0;19;0;0.1
2878.0;19;0;0.2
2879.0;19;0;0.2
2880.0;19;0;0.3
2881.0;19;0;0.3
2882.0;19;0;0.4
2883.0;19;0;0.4
2884.0;19;0;0.5
2885.0;19;0;0.4
2886.0;19;0;0.4
2887.0;19;0;0.4
2888.0;19;0;0.3
2889.0;19;0;0.5
2890.0;19;0;0.4
2891.0;19;0;0.4
2892.0;19;0;0.3
2893.0;19;0;0.3
2894.0;19;0;0.2
2895.0;19;0;0.2
2896.0;19;0;0.2
2897.0;19;0;0.2
2898.0;19;0;0.2
2899.0;19;0;0.0
2900.0;19;0;0.0
2901.0;19;0;0.0
2902.0;19;0;0.0
2903.0;19;0;0.0
2904.0;19;0;0.1
2905.0;19;0;0.1
2906.0;19;0;0.2
2907.0;19;0;0.2
2908.0;19;0;0.3
2909.0;19;0;0.3
2910.0;19;0;0.3
2911.0;19;0;0.3
2912.0;19;0;0.4
2913.0;19;0;0.4
2914.0;19;0;0.3
2915.0;19;0;0.3
2916.0;19;0;0.3
2917.0;19;0;0.3
2918.0;19;0;0.3
2919.0;19;0;0.3
2920.0;19;0;0.4
2921.0;19;0;0.4
2922.0;19;0;0.4
2923.0;19;0;0.4
2924.0;19;0;0.4
2925.0;19;0;0.4
2926.0;19;0;0.3
2927.0;19;0;0.3
2928.0;19;0;0.2
2929.0;19;0;0.2
2930.0;19;0;0.1
2931.0;19;0;0.1
2932.0;19;0;0.0
2933.0;19;0;0.0
2934.0;19;0;0.0
2935.0;19;0;0.0
2936.0;19;0;0.0
2937.0;19;0;0.0
2938.0;19;0;0.0
2939.0;19;0;0.1
2940.0;19;0;0.1
2941.0;19;0;0.1
2942.0;19;0;0.1
2943.0;19;0;0.1
2944.0;19;0;0.1
2945.0;19;0;0.1
2946.0;19;0;0.1
2947.0;19;0;0.1
2948.0;19;0;0.1
2949.0;19;0;0.1
2950.0;19;0;0.1
2951.0;19;0;0.1
2952.0;19;0;0.1
2953.0;19;0;0.1
2954.0;19;0;0.1
2955.0;19;0;0.1
2956.0;19;0;0.2
2957.0;19;0;0.2
2958.0;19;0;0.2
2959.0;19;0;0.2
2960.0;19;0;0.2
2961.0;19;0;0.2
2962.0;19;0;0.3
2963.0;19;0;0.3
2964.0;19;0;0.4
2965.0;19;0;0.4
2966.0;19;0;0.3
2967.0;19;0;0.3
2968.0;19;0;0.3
2969.0;19;0;0.2
2970.0;19;0;0.2
2971.0;19;0;0.2
2972.0;19;0;0.2
2973.0;19;0;0.3
2974.0;19;0;0.3
2975.0;19;0;0.3
2976.0;19;0;0.4
2977.0;19;0;0.5
2978.0;19;0;0.5
2979.0;19;0;0.5
2980.0;20;1;0.7
2981.0;20;1;0.7
2982.0;20;1;0.7
2983.0;20;1;0.6
2984.0;20;1;0.6
2985.0;20;1;0.6
2986.0;20;1;0.5
2987.0;20;1;0.4
2988.0;20;1;0.4
2989.0;20;1;0.4
2990.0;20;1;0.4
2991.0;20;1;0.4
2992.0;20;1;0.3
2993.0;20;1;0.3
2994.0;20;1;0.2
2995.0;20;1;0.2
2996.0;20;1;0.2
2997.0;20;1;0.2
2998.0;20;1;0.2
2999.0;20;1;0.2
3000.0;20;1;0.0
3000.0;20;1;0.0
