10381
7340
7085
9870
13603
7432
7918
16266
11516
7708
7328
10112
6610
7220
8162
35000
8491
9477
8868
6679
10676
12134
11167
6761
35000
7685
8417
7564
6676
7159
9203
10582
8128
6803
9192
9752
8290
7165
9454
10399
6970
16935
9250
14049
7313
6877
8503
7317
8520
8311
9786
9882
10202
6798
7572
8624
9036
7043
7015
7129
7424
7153
7373
6549
7857
7386
35000
16366
11328
8808
7990
11714
10937
10935
6893
10130
9898
9002
35000
9134
9432
12903
8336
35000
8265
9347
8076
7440
7866
7074
9061
7247
7006
7789
10242
7306
9431
9993
9830
6943
8161
10971
8545
6920
35000
8476
8794
8633
6698
9082
11190
18480
6777
11087
10018
8841
35000
12025
8516
7549
10731
8551
11033
8400
9080
10048
16917
10099
12600
7042
8136
12142
10766
7061
7161
8569
11516
6869
9397
7954
7649
9349
10598
6296
14301
7383
7102
35000
6553
7218
8507
6761
10212
8093
12896
9183
6795
8473
19347
12166
6906
7399
6502
10319
8465
9384
7313
14578
7051
7542
8704
8786
35000
35000
8774
9524
9299
9489
7214
9006
11396
7509
10334
13001
11180
6916
7592
8519
7279
7486
7563
35000
8641
7701
11131
13984
6696
10416
8906
