7343
8440
7389
8838
7785
7525
8439
6563
6873
9628
9748
7765
10003
9107
8423
8692
6298
8614
15968
6535
8812
10302
11406
11078
14246
6862
28747
5306
12083
9098
9909
9630
6845
10299
6158
11012
7525
9025
9572
7826
7055
8109
11435
12383
10522
9429
9240
8760
9052
9631
10133
7570
10103
8294
14711
7449
10649
6719
7056
10273
7906
8080
7817
7432
10254
9581
11996
9587
10725
12888
18173
8654
8503
9091
9172
11817
9842
7620
10199
9582
10170
10709
7636
7622
6447
9227
7864
12344
8674
7350
11963
7788
9411
10171
10127
11703
8840
8477
7908
7214
7521
8504
8250
12238
7429
8069
6809
7725
9300
8763
10727
10367
10360
10510
9235
6803
6758
9731
9433
6131
7041
10123
8582
7348
8121
13556
7695
10803
10030
7417
7585
11302
9276
9769
11574
11160
8971
11564
10699
9522
6196
7607
6289
10844
8498
9095
11498
7924
11734
7409
7542
6490
11430
11340
7660
9658
6447
7293
8091
11992
9524
8103
7927
8344
9232
10412
9909
14186
6689
7126
11685
10608
8378
8280
7445
11309
12650
11672
7980
10495
5334
7832
12423
9807
11175
7326
12102
12595
9373
7031
8076
8841
7246
7579
13552
9984
7550
10728
15461
6813
14865
10354
10556
11398
9551
8791
13847
7651
7537
10467
6893
7122
7917
8703
12536
7742
6415
6422
7699
8974
7374
8006
6571
7796
7980
13151
7565
6609
7031
12167
7656
7684
6915
7383
8376
7648
7524
7744
6887
9556
12929
8051
12799
11398
10380
6207
8064
7297
10226
8005
9764
8113
9591
