7026
9016
12497
9347
8325
9671
8778
12354
7143
14229
8060
10713
7536
9267
11141
10639
7174
8464
6945
10143
9200
12350
15296
10613
7116
11490
9491
7419
11816
9133
7151
7051
11568
8567
8995
10828
8434
9927
7701
9509
8432
7264
9488
6955
7610
7292
7782
14904
7940
7376
7123
9895
7394
7391
13191
6591
6506
7141
8130
8386
5046
15751
13628
11250
11816
7256
7456
7791
8531
8651
10450
6930
7081
7506
10522
9129
9277
7783
15475
12227
7166
7536
7274
7934
7327
7972
7863
10653
8033
7280
9784
7360
12715
12059
10123
14531
11461
7737
9264
14944
7677
7615
7777
10112
7577
7739
7404
8846
10166
12010
7512
10132
7505
7679
7369
8309
9428
6612
7457
9931
7921
9972
8237
7852
8012
12339
7483
7656
8751
10542
9135
21792
7331
12160
7339
8758
9472
8941
9079
7344
9428
7518
7470
9095
6731
8987
11124
7948
10390
8841
9029
7832
8462
14663
6847
8496
7844
8091
7861
11009
9340
7484
9617
8362
8337
8090
14343
7143
10457
15447
12135
7419
7733
9188
8534
7836
9144
10498
8331
8589
11394
8240
9813
11070
13253
7527
13111
7816
8162
9822
7474
8467
8353
9656
8392
10784
7253
7979
7469
7472
9535
8785
8509
7611
13209
9470
7464
7409
6505
7265
13575
17198
7798
9356
9051
7557
7825
10907
8107
7064
7705
7663
8059
9717
10086
10081
7999
10693
6283
10297
8122
8346
13454
12126
9595
12117
7349
12007
6699
6728
9759
8049
8527
12325
7885
8905
8109
9842
7887
10125
11142
10536
6951
8315
8862
16938
9343
8114
10478
10184
8121
12747
8498
7777
8475
7707
8467
7618
7433
7618
10224
9161
8456
8118
8641
9331
7692
7876
9362
7929
7609
8742
7515
12140
10438
10172
11993
7579
7975
11281
8383
8238
8569
11352
12089
7389
7350
9083
12884
14275
7982
10320
8445
9478
7879
8243
6576
7631
9461
7404
7524
12198
8691
7799
10041
7968
10392
7120
6991
10808
12512
14344
7869
15737
11161
6250
9772
7032
7463
7746
7935
7496
8095
9337
10422
8054
7358
9130
9267
7571
7332
11887
8142
8309
11635
11274
8037
7533
8930
6575
7967
7078
8448
7580
7937
14656
11318
9567
9382
7637
7578
8241
7300
10929
7895
6848
8251
8103
15070
8333
7223
8524
7006
11964
11904
7718
7746
9929
12822
8134
7924
10450
7679
6640
6777
11661
7632
9370
10952
7300
12138
10327
10894
7720
7887
11726
8493
12857
7877
9902
10004
7257
7134
7611
6879
10137
6713
6156
7410
6813
6968
11598
8384
7601
7565
7809
13171
8108
11292
9428
9694
10262
6722
10349
9276
11229
7294
6353
8057
13360
10366
11978
9627
12056
8042
8097
13134
12280
7719
9417
9940
9260
9862
8542
7654
7725
7123
8015
8105
8095
8121
7749
7927
7493
9867
12768
12708
10242
7765
12893
9776
8649
7811
8075
12701
6415
10355
7719
7198
7522
7509
8517
10498
9647
8540
7050
10102
8990
9614
10218
10130
7867
13661
12425
11397
10255
7707
9841
9146
13252
9353
7708
10401
9205
8125
7598
16900
8015
5070
7802
