8214
8179
7625
6428
9316
11408
10931
7981
7366
9013
6979
8007
8162
7270
9970
7151
11863
7386
9029
11911
8162
9565
9430
12277
7178
7824
6432
5381
11996
13265
8470
10873
11826
10891
7563
13835
9108
17345
7384
14539
10380
8165
8391
11952
10001
10847
7290
10775
7725
8284
6811
7302
7054
9457
7316
7572
6126
8616
7373
8528
14193
8174
9726
7272
6800
8916
15099
11434
7959
10401
8389
7844
10399
9129
9583
7570
8913
7074
9478
6544
7502
8125
7283
10615
11740
7286
6937
12399
11410
9746
8055
7793
7249
7257
6446
9691
7110
7404
15428
6509
8389
6466
9173
10604
6445
8421
10950
11489
9484
6304
10269
11312
9414
8104
7232
8777
9305
11173
10754
6511
8548
6855
7750
6609
6586
10867
11853
8655
13822
8841
7834
10831
7161
7888
7388
7877
11370
12203
8846
12802
7074
7575
10771
10341
9531
6342
10751
7211
8544
8011
7563
8509
8692
6950
8986
6940
7679
7689
9633
6486
8137
7289
8884
7336
8674
8883
6806
8049
9783
8573
7257
7123
12917
7377
8480
8426
9326
6418
7975
13938
7494
8658
7582
16341
8928
7735
12979
9358
10787
8340
11188
12265
7944
10800
6338
7279
6260
13179
7459
10706
8401
