12080
6258
11384
8848
12658
8635
15557
6882
8123
8703
7427
11455
7689
9355
13099
8535
8627
6794
8624
7994
7838
10194
12896
6920
8070
8549
14110
12117
8555
7936
10124
7880
10561
10711
10217
13428
7108
9283
13425
7218
7983
11161
12337
10304
8859
7389
7169
11077
9112
11143
7959
7401
6720
7741
7682
15020
10988
17439
9192
7366
8926
7623
10737
8195
7848
7181
12627
8211
8298
10871
11672
7866
7558
9662
13390
8224
12671
7652
7256
8677
12733
17556
7931
10165
9257
9385
8587
7443
9925
7967
9740
9380
13540
12470
11817
7463
9140
8057
7652
7867
8679
12725
10729
11191
9004
8314
8114
8850
7229
8993
7391
13421
13207
7450
11018
7752
8153
7725
10447
8807
8866
9656
6259
7684
9010
10048
9513
7776
10625
7381
7444
7958
7914
10247
8490
12267
7205
8413
10994
7800
8451
13356
7625
7316
8379
8371
9482
9021
8013
7409
6937
6979
8352
7939
11898
8985
10018
8247
7887
11715
9561
7879
10373
7883
14078
11712
7277
8037
12488
7805
11559
12076
16120
10044
7338
7973
7219
8502
10498
14718
7524
18326
10162
8573
9254
11011
11412
9743
6414
6910
6583
8980
9230
11701
7658
10050
7986
10620
7521
8554
