6232
6622
6142
6103
6419
6739
6247
6094
6277
6472
6275
5984
6557
6488
7349
6997
6336
7800
6739
6927
6206
12626
7047
6192
6571
6933
8144
7126
6659
7088
7322
6186
7250
9007
6485
6154
10023
8263
7163
6882
6245
7305
6439
6481
6555
6896
6344
6482
6564
6683
6441
6667
6909
6228
6155
6344
6645
6295
6323
6009
6446
6974
6263
6229
6860
11228
7787
6757
6260
6367
6618
6392
7132
8718
6827
6255
6432
5948
7021
6799
6928
6452
6220
7932
6937
7105
6398
7062
6741
5702
6715
6230
7354
7112
6557
6090
6859
7266
6952
7236
6982
6343
6307
6428
6297
6629
6959
6321
5037
6423
6467
8030
6281
6237
6304
6058
8082
6503
7417
6166
6411
9731
8566
13520
6468
6614
7486
6699
6534
7581
6438
6071
6937
6822
6088
6287
7258
6573
6645
7335
6372
5673
7042
6371
12462
6134
6520
6247
6771
14779
6574
7274
6182
6039
6452
6532
6524
7337
6174
6425
6364
7109
6340
6501
6441
6340
6148
6344
6278
6544
6365
6251
6450
7290
7001
6419
6218
6931
6405
6500
6425
6819
7015
6512
6729
6594
6891
6736
6425
6619
6179
6783
7123
6571
6673
7041
16209
6253
7187
6224
6488
6152
6415
6885
7024
6217
6317
7576
9568
6099
6256
6855
6279
7150
6456
6703
6264
6311
7061
8486
6981
6288
14058
6827
7654
6323
6163
6604
7127
7290
6247
7201
6449
7397
6435
6264
15114
6251
6291
6870
6858
6633
6462
6447
6318
9829
6526
5999
6366
6433
8050
6911
6144
6819
6871
6718
6683
6507
7634
6971
6457
6271
6281
6230
6506
6954
6644
6627
6227
8551
6359
7236
6784
6888
6977
5959
6346
6159
9724
6650
5861
6930
6143
6841
6296
6180
6351
6240
6500
6727
6512
6745
10191
6174
6268
6722
6482
5970
6240
8502
6232
6752
6236
7336
6498
6478
6413
6326
6229
6461
6746
6377
6301
6662
5977
9121
6053
6966
6452
6419
6256
6112
7240
7293
7021
6195
6497
6172
6373
6245
6193
6498
6782
6329
6590
6499
9453
6245
6314
6459
6819
5065
6165
14880
7110
7386
6405
10876
6710
6466
6325
6095
6367
6325
6127
6407
6633
6505
6860
6509
6940
7867
6325
6085
6717
6803
6329
6319
7428
6077
7082
9345
6374
6752
7836
6281
6088
6640
6366
6996
8753
6361
6819
6226
6592
6316
5831
7257
5954
9120
6175
6514
6187
6333
7157
6558
7284
6244
13411
7148
6339
11763
7140
6866
6311
6258
5937
6581
6564
6699
6775
6459
6482
7281
6539
9694
7021
6276
6452
6767
6548
6316
5958
6877
6443
7904
6093
6898
6372
7403
7263
6541
6926
6343
6618
6568
6357
6709
6616
6293
6253
7523
7795
6377
6082
6228
6316
6406
6599
7326
7129
6431
6499
6756
6938
6875
6223
6408
7142
8205
6035
6447
6609
6804
7216
6993
6886
6285
6401
6422
6879
7041
6326
6672
6234
7018
6430
6416
6221
6552
5869
6452
6708
6378
6461
6271
6898
7160
6999
6153
6939
5994
6605
6665
11599
12602
6094
26505
6336
6284
