7789
12437
8064
9230
8187
18497
9049
8121
7328
10237
7526
10446
8809
8487
7142
7176
11179
7828
7372
7481
7499
8793
7856
7351
9355
6850
8954
9147
7958
10239
7272
8444
8193
17686
8215
8521
12612
7006
15000
6570
6552
7453
8405
7957
6501
7008
8372
11001
7985
9469
14123
7280
8606
8562
9008
7396
12108
7820
7719
10839
6677
7647
9781
8627
7449
11642
7296
11304
7235
8585
7411
7451
10596
10082
7428
7733
12997
10694
18136
6213
7098
7277
7894
9043
10285
7485
7843
9611
9276
8119
8109
10292
6835
8531
14884
8216
7489
8747
9693
7094
16757
7256
10884
12099
10746
11273
8852
6293
10171
12179
7579
12304
8209
9219
8066
16940
11588
11213
7573
14049
8657
7670
12023
8460
7654
9918
7814
7986
7573
9905
11096
6778
8819
9718
9211
7675
10980
7477
7155
7077
10669
7743
11627
7544
9012
7627
9424
9279
9602
7559
6527
9228
8461
8028
7099
14146
9676
7585
7870
7203
7781
7442
9539
10908
11105
10811
7180
5448
7792
8232
7850
10130
7577
7263
8286
10682
8875
7892
8930
7499
7965
9100
8960
8886
8734
7276
8231
11577
7714
9555
9482
7213
8701
8119
8040
13361
10729
8502
7733
10032
