7400
6816
6364
6379
6418
6155
6506
7340
13957
6683
7642
5873
9863
6848
6620
6970
6823
6198
7271
6505
6506
6092
6203
6401
6257
6951
6339
6068
6200
6328
6362
6298
6976
6389
6650
10810
6572
6856
7219
6460
6028
6928
6630
6338
7282
6391
6285
12070
6665
10058
5044
6231
6318
6300
6259
6385
6566
6356
6415
6144
7012
13462
6090
6448
6478
6764
6311
6276
5941
6725
6363
6715
7772
6859
6710
6517
7575
6307
6639
7675
6349
6276
6240
7203
15998
6849
12678
6490
7039
10340
9219
6285
6339
6681
6402
6854
6526
6463
6714
6259
6593
6636
6471
6926
6356
7804
6943
6789
6813
7766
6482
6447
6277
7348
7187
6422
6503
7679
6803
6286
6637
6689
7826
6164
7157
6255
7963
6250
6287
6371
6728
6428
7774
6307
6367
7595
7404
6182
6908
6387
7473
15162
6102
7484
7023
7354
6868
6032
6219
6517
7229
8973
6613
5906
6896
6301
6200
8136
6407
6826
10901
6418
6649
6328
6745
6422
6401
6214
6351
6541
6924
6421
6819
6411
6183
6224
6908
6588
7166
6442
6293
6021
5893
7312
6657
6438
7274
6218
6443
7393
6703
6025
6382
6561
6347
7185
9454
7190
6149
6671
